0.641925,
0.0656374,
-0.00639216
0.055136,
0.926625,
0.114608
0.0581235,
0.217625,
-0.0260854
0.00592381,
0.124166,
0.0157905
0.0182003,
0.176481,
-0.066109
0.123931,
0.767723,
0.126484
0.0968075,
0.374708,
-0.051375
-0.00986832,
-0.0429538,
-0.228757
0.0686594,
-0.0738823,
-0.107007
0.240785,
-0.268881,
-0.399613
0.103776,
0.303477,
-0.293921
-0.00451245,
-0.0173048,
-0.0851589
0.35239,
0.0386778,
-0.00251376
0.273302,
1.097,
0.166042
1.42046,
0.139018,
-0.0673191
0.734132,
0.0760352,
-0.0304909
0.0960922,
0.897837,
-0.335437
0.101246,
1.13659,
-0.430344
0.355792,
0.0544045,
-0.00380058
0.0854467,
0.351253,
0.0517251
0.219411,-0.028548,0.00396191,-0.00418086,-0.0216257,0.00503061,0.00657579,0.0076071,0.00764876,0.0277135,0.146456,0.00243078,0.121381,0.0493214,0.485832,0.250577,-0.112199,-0.225873,0.121185,0.015636,
-0.608993
