0.267042,
0.473226,
-0.14313
0.209411,
-0.792261,
-0.633209
-0.00287815,
0.433468,
-0.00721928
0.593192,
-0.775161,
-0.693185
-0.0440585,
1.01146,
0.241903
0.113454,
-0.426777,
-0.341272
0.0447959,
-0.174427,
-0.135816
0.170959,
-0.312947,
-0.160979
0.00246196,
0.0052617,
-0.0199976
-0.335361,
-0.483506,
-0.557766
0.0293538,
-0.117603,
-0.0873376
-0.0171297,
0.185692,
0.031495
-0.158353,
1.06788,
-0.380564
0.524052,
1.1808,
-0.254917
-0.434465,
-0.613313,
-0.680609
0.0339787,
-0.132797,
-0.100413
0.0533327,
-0.704426,
-0.480752
-0.03165,
0.439935,
0.0380195
0.0951019,
-0.36783,
-0.286862
0.0286945,
-0.110239,
-0.0868896
-0.132994,0.263511,-0.0945258,0.320314,-0.275995,0.143451,0.0585306,0.117745,0.0217227,0.233605,0.0398778,-0.0529378,-0.266909,-0.306326,0.28489,0.0438581,0.250243,-0.1138,0.12428,0.036949,
0.0841536
