0.00749988,
0.0252299,
-0.00783622
-0.0261817,
-0.0804808,
-0.0360537
0.0528315,
-0.0300236,
0.39885
-0.15082,
-0.459378,
-0.201469
0.0702454,
-0.0429962,
0.479445
0.0627122,
0.00801471,
-0.0666587
0.0911141,
-0.0262556,
0.553765
-0.0636841,
-0.195568,
-0.0873773
-0.167854,
-0.510762,
-0.223568
0.0137833,
0.0230747,
-0.00911437
-0.0285656,
-0.0876959,
-0.0368395
0.195593,
-0.0258639,
-0.23979
-0.0619443,
-0.190398,
-0.0841797
0.179223,
0.0308874,
-0.185502
0.00174456,
0.00173042,
-0.00750884
-0.181485,
-0.553925,
-0.243719
0.303113,
0.0517955,
-0.313987
0.0903136,
0.0614044,
-0.0677506
0.172541,
0.0558851,
-0.162889
0.0687025,
0.0320812,
-0.0591556
-0.0184037,0.0309163,-0.288707,0.178148,-0.343371,0.0668077,-0.401677,0.0752098,0.198244,0.0111679,0.0341897,0.227236,0.0732159,0.188014,-0.000500343,0.214362,0.318134,0.078764,0.171456,0.0647145,
0.598944
