-0.203665,
-1.34799,
-0.0413134
-0.00866651,
0.00800906,
-0.0212993
-0.137238,
-0.0637373,
0.0411173
-0.02971,
-0.0187575,
0.00442457
-0.0080536,
0.00254631,
0.00339531
-0.00276032,
0.00396178,
-0.00699648
-0.00819701,
0.00565105,
-0.00338724
-0.00296149,
0.00282573,
-0.0084639
-0.0383782,
-0.0210124,
0.00812212
-0.393145,
1.33033,
0.916705
-0.0156565,
-0.727997,
-0.138657
-0.394551,
0.516639,
0.740166
-0.0077889,
0.00620881,
-0.00614195
-0.310814,
0.385278,
0.583813
-0.00756483,
0.0069764,
-0.00778686
0.43185,
1.1985,
0.186329
-0.00650922,
0.00490854,
-0.00683905
-0.0224811,
-0.00447924,
-0.0231519
-1.62102,
-0.885024,
0.33507
0.0250306,
-0.289765,
-0.0410562
0.296621,-0.00925295,0.0566237,0.0135247,-0.000235238,-0.00560244,0.00601163,-0.000373833,0.0152077,-0.11775,0.20212,-0.255102,-0.00385185,-0.19993,-0.00200423,-0.352134,0.00148387,0.00298433,0.710591,0.0827941,
-0.329359
