-0.000277161,
0.00469585,
-0.00998252
-0.00638161,
0.00210035,
-0.00774071
-0.040848,
0.0310012,
-0.0117037
-0.0873309,
-0.136179,
-0.121342
0.504302,
-0.390785,
-1.84843
0.321434,
-0.188993,
-0.36208
-0.00380151,
0.00414278,
-0.00705692
-0.00780399,
-0.0130735,
-0.0123358
-0.00575752,
0.000647369,
-0.0043339
-0.00801177,
-0.013259,
-0.0123295
-0.0392494,
0.0011177,
-0.00128744
0.468119,
-0.305975,
-0.528479
0.683488,
0.962221,
-1.06101
0.851211,
-0.497498,
-0.951592
-0.171074,
0.20943,
-0.0732421
-0.00604047,
0.00713122,
-0.0111981
-0.690508,
0.660064,
0.567562
0.00739034,
-0.00545739,
-0.0263619
-0.656466,
1.67732,
-0.572896
-0.013392,
5.83163e-05,
-0.00243893
0.000487901,-0.00194603,-0.0165166,0.124854,1.05946,0.218207,0.00300378,0.0127459,0.0025311,0.0144492,0.0317771,0.327449,-0.668041,0.576548,-0.156949,0.00318248,0.422063,0.0156069,-0.474358,0.00403714,
-0.0352808
