-0.0462216,
0.026565,
-0.0436505
-0.0053253,
0.00385514,
-0.0068873
-0.0927415,
-0.523386,
-0.0847155
-0.00369772,
-0.00260012,
-0.00480101
-0.00690159,
-0.00261679,
-0.00287992
-0.0177232,
0.00267614,
-0.0126022
-0.18213,
-0.829713,
0.828922
-0.202976,
-1.08302,
0.422564
0.0843375,
0.210853,
-0.115158
-0.00353657,
-0.000873407,
-0.00533614
-0.0152958,
0.00797558,
-0.0148803
1.25492,
0.0550082,
-1.66436
-0.011893,
0.00751927,
-0.0139888
-0.182975,
1.09135,
-0.0136353
-0.0458412,
0.0344572,
-0.0370006
0.0811776,
0.0930886,
-0.0656496
-0.0323203,
0.0239429,
-0.0230388
0.450296,
0.466799,
-0.391256
-0.00243751,
0.00945064,
-0.0105277
1.94895e-05,
0.00480038,
-0.00887098
-0.00945483,0.00837008,0.155676,-0.000955258,0.00569861,-0.00685589,0.500395,0.356437,-0.15456,-0.00215848,-0.00651652,-1.46657,-0.0027196,-0.34679,-0.00961415,-0.0960213,-0.00647949,-0.523208,-0.00133871,0.00276594,
-0.093326
