0.0723711,
0.0651693,
0.117154
0.0772399,
0.0669822,
0.123115
0.0380732,
0.0526041,
0.048499
0.102424,
0.093243,
0.106417
-0.000224931,
0.00407595,
-0.00707034
0.147571,
0.128434,
0.229782
0.0933381,
0.0815933,
0.144521
-0.404891,
-0.333592,
-0.0136506
0.072,
0.0476375,
0.0812646
0.17078,
0.257736,
0.322208
0.100181,
0.0908676,
0.163782
0.0850305,
0.0632037,
0.122966
-0.129233,
0.0296261,
-0.0428146
-0.0364297,
-0.0833461,
0.00683079
0.104562,
0.0856808,
0.158172
0.107543,
0.0805664,
0.15743
0.320571,
-0.835635,
-0.0218155
0.0164217,
-0.0370061,
0.0119058
0.212542,
-0.551745,
0.0826963
0.176535,
-0.432391,
0.055401
-0.110845,-0.115947,-0.0555391,-0.118871,0.00817466,-0.212994,-0.140126,0.392346,-0.0825838,-0.325236,-0.151663,-0.119538,0.117952,0.0380508,-0.15182,-0.151064,0.566122,0.031102,0.3891,0.306978,
-0.85591
