-0.0962012,
1.67207,
-0.024849
0.319636,
-0.00763696,
0.623268
0.468642,
-0.0144695,
0.913741
-0.0405611,
0.41384,
-0.0446891
-0.0114143,
0.166944,
-0.0194496
-0.0493005,
0.591711,
-0.04852
0.0126083,
-0.0013253,
0.0244822
0.179144,
-0.00745124,
0.33449
0.523138,
-0.109132,
1.02537
-0.00656245,
0.0506437,
-0.0092981
-0.000483673,
0.00280941,
-0.00988094
0.0300317,
2.0638,
-0.321203
0.365645,
-0.0626504,
0.702386
-0.0275574,
0.378598,
-0.0241124
0.230783,
-0.0143254,
0.422192
0.0070595,
-0.00106856,
-0.0290156
0.201853,
-0.237727,
0.302662
0.0114159,
-0.00314973,
0.0216292
-0.0117729,
0.10556,
-0.0152396
-0.016033,
0.218066,
-0.0136677
-0.471745,0.484295,0.701293,-0.113885,-0.0468857,-0.168156,0.0188333,0.258758,0.763521,-0.0134843,-0.00952914,-0.633973,0.53337,-0.10346,0.329659,-0.0157354,0.202442,0.0158988,-0.0294777,-0.0598438,
-0.905712
