-0.0574199,
-0.0659007,
-0.172248
0.484554,
0.450235,
-0.411009
-0.334837,
-0.415178,
-0.963906
0.429661,
0.506902,
-0.419738
-0.140516,
-0.154502,
-0.414663
-0.322294,
0.404043,
-0.127465
0.000173006,
0.00198566,
-0.00860141
0.628023,
0.551617,
-0.228941
0.0571242,
0.0465816,
-0.0247521
0.707484,
-0.443605,
-0.69009
6.61753e-05,
-0.000934832,
-0.00871871
0.143213,
-0.0948197,
-0.142561
0.236188,
-0.0130133,
-0.284892
0.110619,
0.109626,
-0.0973568
0.281528,
0.27543,
-0.230591
0.3984,
-0.0188131,
-0.478801
0.940591,
0.736076,
-0.318662
-0.41496,
-0.556282,
-1.18405
-0.390283,
-0.538617,
-1.08579
0.00769676,
-0.00481512,
-0.00732797
0.0471119,-0.298516,0.284031,-0.283873,0.112466,-0.254996,-0.00535516,-0.488251,-0.0433556,0.681103,0.00719519,0.142545,-0.242215,-0.0678248,-0.180855,-0.456766,-0.696377,0.365432,0.348315,0.00422279,
-0.628915
