-0.131817,
-0.0294718,
-0.0560887
0.212437,
0.0502473,
-0.112142
0.0898982,
0.0357484,
-0.198017
1.27802,
0.316711,
-0.666477
0.170814,
0.031259,
-0.00655472
1.10578,
0.256391,
-0.550129
0.386398,
0.0914888,
-0.205659
-0.0750108,
0.325504,
-0.0294199
-0.698622,
0.586078,
-0.0173752
-0.110503,
-0.0261798,
-0.0470697
-0.316714,
-0.0763248,
-0.147816
-0.184014,
-0.0411703,
-0.120395
-0.087048,
0.382167,
-0.0321478
-0.0497376,
0.243059,
-0.0177321
-0.0643733,
-0.0143935,
-0.0420193
2.40947,
0.436339,
-0.17471
1.63171,
0.398565,
-0.85483
-0.63095,
-0.150661,
-0.25676
1.11905,
0.256087,
-0.579377
0.45834,
0.101498,
-0.238525
0.153537,-0.203693,0.237294,-1.20258,0.138691,-1.04002,-0.36923,-0.441559,-1.06177,0.12924,0.370402,0.215978,-0.516785,-0.340401,0.0755486,1.9603,-1.53853,0.737215,-1.05605,-0.432065,
2.46998
