-0.829855,
0.466789,
-1.01093
-0.50182,
0.274052,
-0.611978
0.0023136,
0.0159779,
-0.0162547
-0.190364,
0.0995345,
-0.233067
0.0407932,
-0.0410073,
0.00275007
0.037873,
-0.0791686,
0.053714
0.0726197,
-0.197646,
0.178638
0.158772,
-0.330811,
0.225873
-0.000867867,
-0.00295343,
-0.00894844
-0.231417,
0.131277,
-0.281374
-0.470689,
0.241211,
-0.575644
0.130423,
-0.353079,
0.319521
-0.73251,
0.397583,
-0.895588
0.0541082,
-0.11129,
0.0759911
0.172204,
-0.329474,
0.258011
0.0518133,
-0.0356926,
0.016754
-0.285054,
0.158634,
-0.347098
-0.177062,
0.116446,
-0.212278
0.10556,
-0.292942,
0.245854
0.0974737,
-0.246827,
0.207776
-0.823711,-0.497763,-0.0014844,-0.188572,0.0240539,0.0756258,0.199535,0.330874,-0.000707744,-0.229806,-0.466184,0.351308,-0.726228,0.105052,0.322661,0.0164078,-0.282909,-0.176706,0.28427,0.241136,
0.259887
