-0.0403545,
0.747979,
0.127245
-0.199997,
-0.204107,
0.384732
-0.163289,
-0.219685,
0.341699
-0.00418424,
0.0280809,
0.000497651
-0.0200535,
0.197764,
0.0429452
-0.0627831,
-0.0661309,
0.12709
-0.0157826,
0.0221828,
-0.0305283
-0.161607,
-0.201159,
0.30848
0.754697,
-0.628179,
-1.60435
-0.0676429,
-0.0924502,
0.122987
-0.158992,
-0.216442,
0.287037
-0.119183,
0.550606,
0.119733
-0.0802343,
0.284336,
0.0425904
-0.0164979,
0.0108933,
-0.0332819
-0.110299,
1.02973,
0.252821
0.134335,
-1.40508,
-0.335738
-0.0706428,
-0.104057,
0.122987
-0.0600358,
0.549454,
0.132273
-0.0832972,
-0.0930545,
0.155198
-0.0155955,
0.158307,
0.0333747
-0.218593,0.337879,0.285587,-0.0103791,-0.0609085,0.105783,-0.0152996,0.271524,0.521001,0.112984,0.263206,-0.181682,-0.118496,-0.0169678,-0.31336,0.403557,0.114364,-0.169533,0.138084,-0.0480395,
-0.651696
