0.397493,
0.114747,
0.00622525
0.00107588,
0.000629242,
-0.00635117
0.00190064,
0.0059345,
-0.00981848
0.177944,
0.125463,
-0.123507
-0.041795,
-2.00239,
0.427055
0.571629,
0.163642,
0.012023
0.00603567,
-0.00219258,
-0.0118251
0.72495,
0.233103,
-0.0249591
0.412421,
0.220225,
-0.169656
0.00124575,
0.00608162,
-0.0175439
0.184007,
0.0525456,
0.00417136
0.810613,
0.424165,
-0.315649
0.0144252,
-0.219076,
0.0476037
0.0544077,
0.0324161,
-0.0349646
0.249128,
0.0802536,
-0.00880942
0.00072848,
0.00549758,
-0.0148952
-0.00642489,
-1.57954,
0.336172
0.234294,
0.130008,
-0.132519
0.0349104,
-0.745959,
0.144913
0.00681552,
0.00117201,
-0.0208693
-0.211217,0.0049148,-0.00299622,-0.120285,0.208728,-0.303426,-0.00567132,-0.392132,-0.266476,-0.00803106,-0.0975901,-0.523094,0.022888,-0.0367844,-0.13497,-0.00710599,0.152754,-0.155518,0.0753161,0.00315485,
-0.966834
