0.000174533,
0.0187545,
0.00357576
0.00483146,
-0.0699798,
-0.0276475
0.0350843,
-0.0931722,
-0.0712677
0.0594973,
-0.891515,
-0.368668
0.0294265,
-0.047141,
-0.0633574
-0.0111728,
-0.369988,
-0.0911004
0.119654,
0.337189,
0.0317533
0.048988,
-0.62491,
-0.274914
0.404658,
1.13758,
0.105129
0.0378402,
-0.0577546,
-0.0793908
0.0374791,
-0.0579115,
-0.0763294
0.309365,
0.880746,
0.0824193
0.0390302,
0.100628,
0.00967557
0.00302185,
-0.344195,
-0.144672
0.185394,
0.527719,
0.0507428
0.00353382,
-0.939344,
-0.384542
0.0249686,
0.0729043,
0.002765
0.00507754,
0.0115117,
-0.000839307
0.122611,
-0.890568,
-0.508694
0.0509281,
-0.752826,
-0.296555
-0.000543133,0.0182682,0.0338559,0.239533,0.0251718,0.0416842,-0.0922239,0.168374,-0.311514,0.0331309,0.0326552,-0.239479,-0.0282723,0.0648469,-0.143276,0.0657578,-0.0188705,-0.00355278,0.286258,0.182473,
-0.0480976
