0
4
87
17
0
0
-1
2
1
2
-1
13
1
1
3
-1
12
0
1
1
1
0
1
0
1
1
0
0
0
1
1
1
0
0
0
0
0
0
2
2
1
0
2
0
0
1
0
0
0
0
2
1
1
0
0
2
0
1
0
2
1
1
0
0
0
0
0
23
3
0
0
0
4
4
1
0
3
0
3
1
3
0
0
0
4
1
2
0
0
0
5
1
0
0
0
2
3
1
3
4
1
2
0
0
0
0
0
-1
5
0
1
1
1
2
-1
13
2
72
6
0
1
0
7
7
0
0
2
1
1
-1
14
1
1
2
-1
13
0
24
21
0
0
0
22
22
1
38
3
1
0
0
-1
0.8331
0.526781
1
1
0
-1
-0.797645
-0.862148
1
2
0
-1
0.578991
0.112883
0
0
0
0
0
0
26
23
2
1
22
23
1
0
0
0
3
5
24
3
0
22
3
25
2
1
22
25
0
0.0585
-0.94
4
1
0
0.518476
-0.076272
1
1
0.681671
-0.0579527
1
2
0.26669
0.0368791
1
3
-0.175522
-0.0314379
6
21
26
3
0
22
7
71
1
127
15
1
1
0
-1
0.012325
-0.627074
1
2
0
-1
-0.92651
0.0238032
1
3
0
-1
-0.164642
-0.691935
1
0
0
-1
-0.0913119
-0.663436
0
4
1
1
0
0
1
5
0
-1
-0.558839
-0.811968
0
6
1
1
0
0
0
7
1
1
0
0
1
8
0
-1
0
0
1
9
0
-1
0
0
1
10
0
-1
0
0
1
11
0
-1
0
0
0
12
1
3
0
0
0
13
1
0
0
0
0
14
1
1
0
0
3
0
1
2
14
1
1
10
1
0
0
0
0
0
0
73
72
2
1
22
72
1
0
0
0
25
71
73
3
0
22
7
0
