6
1
43
11
0
0
-1
2
0
0
-1
0
2
0
3
-1
26
1
-1
1
0
-1
6
0
0
-1
0
3
1
0
-1
3
0
1
0
0
3
1
0
2
0
8
0
0
2
-1
8
2
0
4
-1
26
3
13
6
1
9
6
1
0
0
-1
0.665761
0.803102
0
1
0
1
0
0
0
2
0
3
0
0
0
3
0
5
0
0
0
4
0
2
0
0
0
5
0
4
0
0
1
2
0
3
0
0
0
0
0
8
7
2
2
0
4
2
7
1
0
0
0
0
6
8
3
0
2
0
9
1
10
7
0
0
0
1
0
0
0
1
0
2
0
0
0
2
0
3
0
0
0
3
0
4
0
0
0
4
0
5
0
0
0
5
1
0
0
0
0
6
0
0
0
0
1
6
0
0
0
0
0
0
0
10
10
1
11
1
1
0
0
-1
0.901044
0.572002
0
0
0
0
0
0
11
11
0
2
0
12
12
1
12
0
0
0
0
0
0
0
14
13
2
1
2
13
0
-0.1335
-0.963
3
0
0
0.340342
-0.0196697
0
1
0.340002
-0.0337697
1
0
0.294436
-0.0128517
7
9
14
3
0
2
-1
1
