11
0
36
34
0
1
92
1
0
0
0
7
0
0
1
0
0
7
0
0
0
0
0
-1
1
1
91
1
1
0
0
-1
-0.218378
0.681783
0
0
0
0
0
0
0
2
1
90
5
1
0
0
-1
0
0
1
1
0
-1
0
0
1
2
0
-1
0
0
0
3
0
0
0
0
0
4
0
9
0
0
1
3
0
0
0
0
0
0
0
1
3
1
83
3
1
0
0
-1
0
0
1
1
0
-1
0
0
1
2
0
-1
0
0
0
0
0
0
0
0
2
4
0
-1
3
0
0
-1
1
1
0
9
-1
0
0
0
10
-1
8
3
3
5
0
0
0
4
6
0
0
2
0
8
-1
14
1
0
7
-1
13
0
5
7
0
-1
1
0
3
-1
3
0
6
8
1
3
0
0
0
0
0
0
0
7
9
0
2
0
8
10
2
0
0
-0.2905
-0.894
0
7
9
11
0
1
0
10
12
0
-1
0
11
13
0
0
0
12
14
0
-1
0
13
15
0
-1
1
0
2
-1
0
0
14
16
0
-1
0
15
17
0
0
0
16
18
0
-1
0
17
19
1
83
3
1
0
0
-1
0
0
1
1
0
-1
0
0
1
2
0
-1
0
0
0
0
0
0
0
0
18
20
1
158
4
1
0
0
-1
-0.888684
-0.279036
0
1
0
3
0
0
0
2
0
5
0
0
0
3
0
2
0
0
0
0
0
0
0
0
19
21
2
0
0
0.422
0.509
1
0
7
0.406229
-4.21604
19
20
22
0
1
0
21
23
0
0
2
0
6
-1
14
1
0
5
-1
13
0
22
24
0
1
0
23
25
1
38
3
1
0
0
-1
0.8331
0.526781
1
1
0
-1
-0.797645
-0.862148
1
2
0
-1
0.578991
0.112883
0
0
0
0
0
0
23
26
0
0
0
25
27
2
0
0
0.0585
-0.94
3
0
6
0.681671
-0.0579527
0
5
0.26669
0.0368791
0
4
-0.175522
-0.0314379
24
26
28
0
1
1
0
5
-1
13
2
27
29
1
0
1
0
2
0
6
0
0
1
2
0
6
0
0
0
0
0
28
30
0
2
0
29
31
2
0
0
0.062
-0.982
0
29
30
32
1
12
0
0
0
0
0
0
0
31
33
0
-1
0
32
33
