4
0
127
34
0
0
1
0
-1
1
0
-1
0
0
2
0
0
0
1
3
0
-1
0
2
4
0
-1
1
0
1
-1
0
0
3
5
0
-1
0
4
6
0
0
0
43
7
0
-1
0
6
8
1
83
3
1
0
0
-1
0
0
1
1
0
-1
0
0
1
2
0
-1
0
0
0
0
0
0
0
0
7
9
0
-1
1
0
1
-1
0
0
8
10
0
0
0
9
11
0
0
0
67
12
0
1
0
11
13
1
38
3
1
0
0
-1
0.8331
0.526781
1
1
0
-1
-0.797645
-0.862148
1
2
0
-1
0.578991
0.112883
0
0
0
0
0
0
11
14
0
0
0
13
15
2
0
0
0.0585
-0.94
1
0
0
-0.175522
-0.0314379
12
14
16
0
1
0
15
17
1
0
0
0
0
0
0
0
0
16
18
0
2
0
17
19
2
0
0
0.062
-0.982
1
0
2
0.354099
-0.0156907
17
18
20
1
2
1
0
0
0
2
0
0
1
0
0
2
0
0
0
0
0
19
21
0
-1
0
20
24
0
0
0
45
41
0
0
0
42
42
0
1
0
46
43
2
2
195
20
158
43
1
0
0
0
5
24
44
3
0
158
0
45
2
2
195
20
158
45
0
0.627
0.657
1
0
3
-0.249164
-0.154146
44
41
46
3
0
158
0
47
0
0
0
69
67
2
1
158
67
1
0
0
0
10
47
68
3
0
158
5
69
2
1
158
69
1
0
0
0
68
70
70
3
0
158
8
21
