7
0
49
31
0
0
-1
0
-1
1
1
12
0
0
0
0
0
0
0
-1
2
0
2
0
1
3
1
11
1
1
0
0
-1
0.901044
0.572002
0
0
0
0
0
0
2
4
1
10
2
0
1
0
0
0
0
0
5
0
2
0
0
0
0
0
0
0
0
3
5
2
0
0
-0.1335
-0.963
1
0
2
0.294436
-0.0128517
0
4
6
0
-1
2
0
2
-1
3
0
0
0
-1
8
2
5
7
0
-1
0
6
8
1
92
0
0
0
0
0
0
0
7
9
1
91
1
1
0
0
-1
-0.218378
0.681783
0
0
0
0
0
0
8
10
1
90
3
1
0
0
-1
0
0
1
1
0
-1
0
0
1
2
0
-1
0
0
0
0
0
0
0
0
9
11
1
83
3
1
0
0
-1
0
0
1
1
0
-1
0
0
1
2
0
-1
0
0
0
0
0
0
0
0
45
12
0
-1
1
0
1
-1
8
3
11
13
0
0
0
12
14
0
0
0
13
15
0
-1
0
14
16
1
3
0
0
0
0
0
0
0
15
17
0
2
0
16
18
2
0
0
-0.2905
-0.894
0
15
17
19
0
1
0
18
20
0
-1
0
19
21
0
-1
0
20
23
0
1
0
24
24
0
0
0
25
25
1
323
2
0
1
0
3
0
0
1
0
0
-1
0
0
1
0
0
4
0
0
0
0
0
47
43
0
1
0
44
44
1
334
3
0
0
0
5
0
0
0
1
0
3
0
0
0
2
0
6
0
0
0
0
0
0
0
0
48
45
2
3
194
3
91
23
246
45
1
0
0
0
10
23
46
3
1
91
24
47
2
3
194
3
91
23
246
47
1
0
0
0
46
43
48
3
0
246
5
21
