16
3
60
30
0
0
-1
5
1
0
-1
1
1
1
1
-1
0
0
1
2
-1
8
3
0
2
1
14
2
0
3
2
12
2
53
3
0
1
7
1
0
-1
1
0
1
1
-1
0
1
1
2
1
8
1
0
0
1
26
0
0
2
0
14
0
0
2
1
14
3
0
3
-1
12
1
9
4
1
2
6
0
0
1
1
0
0
0
1
1
0
0
0
0
2
1
2
0
0
0
3
0
1
0
0
0
4
0
0
0
0
0
5
0
2
0
0
4
0
1
1
2
1
2
3
0
1
4
0
0
0
0
0
0
0
16
5
0
2
0
6
6
1
3
0
0
0
0
0
0
0
10
7
2
1
0
7
1
0
0
0
-1
3
8
3
0
0
-1
9
2
1
0
9
0
-0.2905
-0.894
2
1
0
0.701945
-0.0875392
1
1
0.116599
-0.036195
4
5
10
3
0
0
4
15
0
2
0
17
16
2
1
0
16
0
0.062
-0.982
2
1
1
0.354099
-0.0156907
1
2
0.519434
-0.00878948
8
15
17
3
0
0
8
20
1
83
3
1
0
0
-1
0
0
1
1
0
-1
0
0
1
2
0
-1
0
0
0
0
0
0
0
0
37
30
1
90
6
1
0
0
-1
0
0
1
1
0
-1
0
0
1
2
0
-1
0
0
0
3
1
0
0
0
0
4
1
1
0
0
0
5
0
2
0
0
1
3
1
0
0
0
0
0
0
31
31
1
91
1
1
0
0
-1
-0.218378
0.681783
0
0
0
0
0
0
47
32
1
92
1
0
0
0
4
0
0
1
0
0
4
0
0
0
0
0
33
33
1
93
5
1
0
0
-1
0.952778
-0.760763
0
1
1
0
0
0
1
2
0
-1
0.858096
0.789976
1
3
0
-1
-0.681533
0.214829
1
4
0
-1
0.236509
0.646055
0
0
0
0
0
0
34
34
1
94
6
0
0
0
5
0
0
1
1
0
-1
-0.479773
-0.303554
1
2
0
-1
-0.538044
-0.770885
1
3
0
-1
0
0
1
4
0
-1
0
0
1
5
0
-1
0
0
0
0
0
0
0
0
38
35
2
2
22
4
0
35
1
0
0
0
7
20
36
3
0
0
16
37
2
2
22
4
0
37
1
0
0
0
36
30
38
3
0
0
-1
45
0
1
0
46
46
1
148
0
0
0
0
0
0
0
48
47
2
3
125
1
22
4
0
47
1
0
0
0
32
45
48
3
0
0
34
51
1
194
12
0
3
0
6
0
0
0
0
0
7
0
0
0
4
0
6
0
0
0
5
0
7
0
0
0
1
0
8
0
0
1
6
0
-1
0
0
1
7
0
-1
0
0
1
8
0
-1
0
0
1
2
0
-1
0
0
1
2
0
-1
0
0
1
2
0
-1
0
0
1
2
0
-1
0
0
4
0
0
7
0
0
8
1
0
9
2
0
2
0
0
0
0
0
52
52
1
195
10
0
2
0
8
0
0
0
3
0
10
0
0
0
5
0
11
0
0
0
6
0
2
0
0
1
7
0
-1
-0.157276
0.374873
0
4
1
1
0
0
0
8
0
6
0
0
1
0
0
-1
0
0
1
9
0
-1
0
0
1
10
0
-1
0
0
6
0
0
12
1
0
13
2
0
8
3
0
10
0
0
14
4
0
15
0
0
0
0
0
54
53
2
3
22
71
127
21
0
53
1
0
0
0
35
51
54
3
1
127
1
0
