-0.00106185,
-0.00805954,
-0.00861591
-0.0197463,
0.0217946,
-0.0121131
-0.104901,
-0.169679,
0.0939546
-0.00133715,
-0.00616626,
-0.00873373
-0.018691,
0.012343,
-0.0125171
-0.0835983,
-0.118644,
0.0291948
-0.034003,
0.0267705,
-0.00278951
0.00204366,
0.000174867,
-0.00943218
-0.007538,
-0.0583721,
0.0558552
-3.90643e-05,
0.000702966,
-0.00187808
0.795765,
0.28462,
0.1438
-0.03584,
-0.0595489,
0.0326313
-0.00500676,
0.00517553,
-0.0139324
-0.142394,
-0.232468,
0.184827
-0.369472,
-0.612509,
0.335999
1.27675,
0.484602,
0.0223919
-0.00695074,
0.00319097,
-0.0072294
0.300772,
0.119702,
0.055974
-0.00111718,
0.00211108,
-0.00910636
0.379599,
0.136637,
0.0651828
0.000811749,-0.00601736,0.105036,-0.00681331,-0.00365443,0.0766468,-0.00727506,-0.00982107,0.0398032,-0.00168946,-0.702525,0.0372324,0.00972972,0.163938,0.385178,-1.09688,0.00577289,-0.268636,-0.00355235,-0.334947,
-0.0128001
