-0.0517505,
0.0371646,
-0.00627751
-0.101995,
-0.0621887,
-0.195668
-0.270004,
-0.168541,
-0.52592
-0.257514,
-0.159627,
-0.50589
0.53529,
-0.156273,
-0.296092
0.485135,
0.305262,
0.122574
0.257002,
0.162156,
0.0590314
0.328353,
0.215898,
0.0887935
0.456157,
0.270271,
0.178731
0.160958,
0.0934516,
0.0242702
0.688721,
0.438267,
0.175034
0.12361,
0.0786345,
0.0325044
-0.219961,
-0.137125,
-0.427644
-0.0801641,
-0.0477753,
-0.145415
-0.111358,
-0.0841487,
-0.309548
1.00996,
-0.0315124,
-0.396278
0.680065,
0.442101,
0.157503
0.542388,
0.353578,
0.126851
-0.000113477,
0.000470483,
-0.00969527
-0.233684,
-0.178372,
-0.676681
-0.0867595,0.167119,0.451097,0.42996,0.763027,-0.519937,-0.272073,-0.37183,-0.500434,-0.161617,-0.747997,-0.134546,0.367038,0.128057,0.216472,1.00421,-0.745206,-0.59208,0.00898786,0.457553,
1.43422
