-0.149423,
-0.508075,
-0.00946107
0.790643,
1.49169,
-0.570771
-0.123201,
-0.388698,
0.022741
-0.0494349,
0.00960663,
-0.0159877
0.230596,
0.397893,
-0.151898
0.00140008,
0.00345012,
-0.00925119
-0.115066,
-0.281269,
0.110776
-0.00522765,
-0.000377082,
-0.00513705
-0.0182138,
-0.0073742,
0.0533313
-0.0283718,
-0.113333,
-0.00966742
-0.00347253,
0.0013519,
-0.0078035
-0.0117794,
-0.00169563,
-0.00261738
-0.0102684,
0.00372795,
-0.00929997
0.00116839,
0.00274824,
-0.00657366
0.0214526,
0.0172266,
-0.0214292
-0.128344,
-0.428675,
0.0625855
-0.0115949,
0.000517675,
-0.0181992
-0.295016,
-0.833231,
0.249267
-0.279534,
-0.819867,
0.218649
-0.0389352,
-0.0870965,
0.0421337
0.207242,-0.560151,0.131358,-0.00829406,-0.173436,0.000918157,0.14503,-0.00488624,0.0116388,0.0296091,9.16519e-05,-0.00398155,0.00884119,-0.00814378,-0.0133726,0.173105,0.00657789,0.40319,0.382481,0.0407765,
0.0256432
