-0.00939182,
-0.00582067,
-0.0108328
-0.0467583,
1.02979,
-0.0621713
-0.036685,
0.824371,
-0.04958
-0.0417514,
0.164431,
0.00794251
-0.00490351,
0.00147241,
-0.00741512
0.172968,
-1.02184,
0.215473
-0.00262599,
-0.00159143,
-0.00810906
-0.0432089,
-0.499991,
-0.0938025
-0.00295406,
0.00361563,
0.00367304
0.160257,
-0.42928,
-0.031161
-0.0708826,
0.3713,
-0.0128497
0.073841,
-0.264909,
-0.0150779
-0.114657,
0.465096,
0.0181796
-0.510811,
0.943951,
0.443571
-0.00700535,
-0.0809209,
-0.0151808
-0.133079,
0.524627,
0.0315497
-0.000423613,
-0.000499722,
-0.00967556
0.308694,
-1.14708,
-0.17606
-0.00767671,
0.00559663,
0.00540744
-0.0115994,
-0.167432,
-0.0318667
0.00138336,-0.329226,-0.262315,-0.0577235,0.00420435,0.384602,0.00345723,0.158747,-0.00209934,0.144136,-0.122205,0.087359,-0.163204,-0.367277,0.0257948,-0.183746,-0.00853919,0.359681,-0.00403108,0.0549281,
0.164051
