-0.00220292,
-0.002226,
-0.00659403
-0.0339147,
0.023488,
-0.0336738
-0.0209787,
-0.00237542,
-0.0130728
0.224826,
0.470352,
-0.131161
0.225731,
0.526296,
-0.133582
0.0469114,
-1.46657,
-0.173731
-0.0449342,
0.0164385,
0.0237067
-0.140817,
-0.31469,
-0.226569
-0.173135,
0.0618199,
0.0942823
0.277152,
-0.635961,
-1.05934
-0.64208,
-0.42204,
0.0679008
-0.886269,
0.862357,
0.298458
0.114421,
0.236365,
-0.0656885
0.451841,
0.933577,
-0.259381
-0.00839474,
-0.000447879,
-0.00119412
4.0844e-05,
0.000884422,
-0.00932044
-0.0662541,
-0.413748,
-0.328089
0.0222114,
-0.10701,
-0.0423878
-0.040067,
0.0266211,
-0.0381705
-0.006819,
0.000523511,
-0.00784198
-0.00546337,0.0357225,0.00278295,-0.16394,-0.182514,0.399776,-0.0388297,0.143509,-0.153448,0.404209,0.579143,-0.683839,-0.0825386,-0.326028,-0.00293082,-0.000826478,0.167936,0.0285468,0.0403717,0.0061644,
0.191851
