0.690414,
1.05131,
1.05089
0.0210819,
-0.0582226,
-0.0118947
0.0872121,
-0.272605,
-0.00312912
0.177562,
0.270638,
0.18872
0.0779457,
-0.108044,
0.0044972
0.000864433,
0.00484649,
-0.00244505
0.015999,
0.065802,
-0.0132021
0.012311,
0.0506864,
-0.0177072
0.00116867,
-0.00320799,
-0.00868641
0.125365,
-0.172796,
0.00766608
0.0656815,
-0.251934,
-0.0175791
0.207962,
0.0631329,
0.1979
0.488125,
0.706973,
0.54662
0.0082901,
0.0207184,
-0.00897791
0.0112338,
0.0232676,
0.00743096
0.122702,
0.139046,
0.119571
0.184932,
-0.572509,
0.00316025
0.169749,
1.65337,
1.29134
0.142455,
-0.355943,
-0.0531055
0.174524,
-0.470898,
-0.00722738
-0.12446,0.00776611,0.0511227,-0.0729607,0.0579434,-0.000610468,-0.00416486,-0.0010474,0.00585202,0.092558,0.0281265,0.0653493,-0.103915,-0.00414745,-0.00690652,0.00635139,0.066496,-0.163348,0.0155398,0.0768521,
-0.0874994
