-0.47518,
0.354499,
0.584514
-0.208827,
-0.23441,
-0.207771
-0.222961,
-0.249143,
-0.218448
-0.523224,
-0.582131,
-0.507501
-5.58685e-05,
-0.00213393,
-0.00798592
0.64058,
0.548775,
-0.443938
0.955262,
0.88288,
-0.708773
0.85633,
-0.672647,
-0.413943
-0.086079,
-0.093483,
-0.0799549
-0.172096,
-0.19126,
-0.166296
-0.22374,
-0.249315,
-0.217746
-0.0352834,
-0.0392392,
-0.0341919
-0.159889,
-0.177568,
-0.154209
-0.0611952,
-0.0684435,
-0.0603513
0.581555,
0.483978,
-0.402582
-0.198743,
-0.221609,
-0.193802
-0.105937,
-0.11765,
-0.102158
-0.187769,
-0.209258,
-0.182819
0.00186858,
0.00658894,
-0.0129783
-0.0825478,
-0.0920523,
-0.0804497
-0.527841,0.195855,0.207745,0.487913,-0.00257459,-0.312345,-0.48621,0.652215,0.079706,0.160409,0.208254,0.0328694,0.149166,0.0568505,-0.278526,0.185331,0.0987202,0.175045,0.000947877,0.0769645,
-0.046595
