-0.0693676,
-0.0672889,
-0.00433114
-0.0016459,
0.000465159,
-0.00479408
-0.962312,
-1.27799,
-0.0237276
-0.507872,
-0.669091,
0.0766329
0.587191,
0.960164,
-0.307639
0.598297,
0.537536,
-0.126706
-0.007102,
-0.00700205,
-0.00702977
0.0331149,
0.315898,
-0.0567575
-0.00376332,
0.000934403,
-0.00952153
0.251411,
0.25495,
-0.153735
-0.0154705,
0.00720688,
-0.00415833
-0.00560997,
-0.00599087,
-0.00650081
0.606171,
0.510358,
0.020513
0.0269635,
0.0447092,
-0.0138462
-0.0462791,
-0.00377034,
-0.0049717
0.87269,
0.0407791,
-0.499266
0.000369236,
-0.00634061,
-0.0075435
0.603825,
0.457948,
-0.324334
0.00368968,
0.00967214,
-0.00749452
-0.0198335,
-0.0146491,
-0.0148334
0.0428066,-0.000187491,0.666511,0.388526,-0.356182,-0.315858,-0.000136353,-0.0778039,0.00709187,-0.141113,-0.00620138,0.00738504,-0.311883,-0.0162797,0.0090554,-0.380455,-0.0026709,-0.309055,-0.00229989,0.00607676,
0.27797
