0.0635223,
0.385889,
0.234976
0.189059,
-0.615394,
-0.156074
0.2822,
-0.907699,
-1.28355
-0.0236089,
0.554642,
0.389186
0.0719803,
0.28432,
0.389355
0.0475534,
0.200193,
0.262946
-0.0192449,
0.38688,
0.249557
0.102287,
0.196484,
0.578212
0.10169,
0.311003,
0.364348
0.00945827,
0.55262,
0.738984
0.0395823,
0.247021,
0.326937
0.00410208,
-0.939151,
0.0615727
0.134592,
-0.338958,
-0.578278
0.00410452,
-0.000299078,
-0.0136159
-0.00900092,
0.184759,
0.100991
-0.275803,
-0.184659,
-0.047256
-0.0204808,
0.409989,
0.274435
0.105908,
-0.50213,
-0.470752
-0.0063579,
0.13597,
0.0752728
-0.042123,
0.780863,
0.472747
-0.130339,0.278231,0.871822,-0.181115,-0.149317,-0.104292,-0.121358,-0.289631,-0.211829,-0.251659,-0.113782,0.209598,0.416494,-0.00628155,-0.0533388,0.270092,-0.131386,0.330702,-0.0393891,-0.230889,
0.817741
