0.0997269,
0.287031,
-0.095383
-0.0356467,
-0.33038,
-0.0376401
-0.0116414,
-0.281608,
-0.0190114
0.00878271,
0.0358266,
0.0248397
-0.0359644,
-0.306879,
-0.0646928
-0.0331238,
-0.228209,
-0.069626
-0.00376209,
-0.0977653,
-0.000766114
-4.76621e-05,
0.00421407,
-0.00546059
0.0113702,
1.44028,
0.283107
0.269084,
0.188755,
-0.195985
-0.00832782,
-0.313649,
-0.0333214
0.0214609,
0.0515832,
-0.0237453
-0.0505337,
-0.541409,
-0.0694378
0.590819,
0.757788,
-0.270266
-0.0115155,
-0.0885805,
-0.0231469
0.463753,
0.363287,
-0.28156
-0.0122264,
-0.133498,
-0.0173187
-0.000841048,
1.10496,
-0.0159443
-0.0509191,
-0.36595,
-0.0919497
-0.105449,
-1.51236,
-0.0598076
-0.0993164,0.058806,0.0506262,-0.0133028,0.0550029,0.0434787,0.0174562,-0.000111783,-0.219924,-0.177976,0.0586574,-0.0188105,0.0929136,-0.424617,0.0171937,-0.314666,0.0227966,-0.121442,0.0692814,0.264657,
1.03678
