-0.056634,
-0.0333471,
-0.116553
0.71584,
-1.16775,
-1.02461
0.266692,
0.263873,
-0.446325
0.255964,
0.19312,
0.00667663
-0.474175,
-0.718698,
-1.00589
0.287734,
0.20427,
0.0198941
-0.00449823,
-0.87419,
0.391327
0.44577,
0.449313,
-0.756316
-0.0731012,
-0.0269323,
-0.153013
0.103765,
-0.13829,
-0.200972
-0.00122058,
0.00028055,
-0.00962043
-0.061384,
-0.014855,
-0.127371
0.106496,
0.191242,
-0.100446
0.0223813,
-0.0859846,
0.0291299
-0.318306,
-1.21529,
0.303961
-0.287938,
0.808595,
0.107645
-0.284475,
1.31335,
-0.580089
-0.278946,
-0.61114,
-0.578196
-0.0811886,
-0.0306111,
-0.169779
0.270497,
0.26921,
-0.455426
0.056546,0.614273,-0.206708,-0.183324,0.470072,-0.205335,0.330026,-0.349152,0.0764652,0.106409,-0.00616008,0.0655003,-0.0880116,0.0357896,0.47649,-0.251744,-0.318876,0.265316,0.0843815,-0.210491,
-0.532971
