-0.0859697,
-0.436758,
0.352295
0.0249265,
-0.387203,
0.0526737
0.0820428,
-0.546327,
0.113536
0.0220933,
-0.0291872,
-0.0509049
-1.0096,
0.975496,
-0.0868771
-0.0409334,
-0.668272,
0.232335
0.0425804,
0.861185,
-0.0520358
0.0278529,
0.316424,
-0.0143912
-0.358969,
0.361787,
-0.0388196
0.0138758,
0.286225,
-0.0174211
0.014792,
0.314876,
-0.019049
0.0453293,
-0.0592721,
-0.100731
-0.108707,
-0.461096,
0.378215
0.0348563,
0.963775,
-0.10551
-0.276814,
0.0401792,
0.146342
0.0276027,
-1.16659,
0.171535
0.0235898,
0.855621,
0.0274056
0.0169469,
0.328691,
-0.019978
-0.0471439,
-0.201741,
0.143724
-0.0135361,
0.00723603,
-0.0153843
0.349971,0.10376,0.15961,0.0206811,-0.619717,0.239729,-0.156841,-0.0674771,-0.198356,-0.0543067,-0.0570924,0.0418593,0.367263,-0.181004,-0.159148,0.393246,-0.149302,-0.0621462,0.151193,-0.0128507,
-0.196255
