-0.452678,
-1.61253,
1.19658
0.00212294,
-0.0187372,
-0.0297181
0.325215,
1.12066,
-0.429595
0.134883,
0.27361,
-0.211798
0.190878,
0.611889,
-0.202416
0.00117985,
-0.014182,
-0.0277908
-0.16592,
0.0736025,
-0.0653423
-0.066854,
0.0298089,
-0.0267959
0.0958301,
0.198596,
-0.159467
-0.0386484,
0.0167865,
-0.0149217
0.00158907,
-0.00167974,
-0.0100842
0.00106857,
-0.0102239,
-0.0135042
0.425447,
0.799883,
-0.37904
-0.107923,
0.0477562,
-0.0422979
0.116082,
0.235948,
-0.199911
0.156385,
0.294272,
-0.309903
-0.136312,
0.0575444,
-0.0510128
-0.179722,
0.078205,
-0.0696159
0.0105994,
0.0187931,
-0.0110246
0.288128,
0.540883,
-0.561368
0.579429,-0.0190644,-0.365149,-0.130551,-0.194588,-0.0153949,-0.132443,-0.0534251,-0.0915849,-0.0307443,0.00368401,-0.00594833,-0.375907,-0.0861501,-0.112364,-0.157665,-0.108246,-0.1433,-0.00875029,-0.294476,
1.32764
