50
3.1212
4.34817
4.34817
50
0.0004096
50
1511
12
0
0
-1
191
1
24
1
42
316
1
191
1
36
743
1
192
0
0
24
1
316
1
27
317
1
317
0
0
318
1
318
0
0
1214
1
743
1
34
192
1
1099
1
35
1100
1
1100
0
-1
-1
1
1214
0
3
1378
1
1378
1
44
1099
1
43
1
2
3
4
5
6
7
8
9
10
11
12
13
14
15
16
17
18
19
20
21
22
23
24
25
26
27
28
29
30
31
32
33
34
35
36
37
38
39
40
41
42
44
8914
6
0
0
-1
2702
1
2702
0
3
7010
1
6573
1
4
7250
1
7010
2
1
1
1
0
0
1
10
4
1
0.10014,
-0.201342
0.216637,
-0.436349
0.0776093,
-0.156438
0.0070039,
-0.0268562
0.251039,
-0.208114
0.0687976,
-0.138596
0.00546756,
-0.000510697
0.100758,
-0.391336
0.149467,
-0.58264
0.0992888,
-0.383976
0.0535476,
-0.00623748,0.00328107,0.000387471,-0.00274555,0.00648531,-0.00763772,0.00344848,-0.0388558,-0.0234662,-0.0094721,
-0.210156
-0.0432926,
0.00855456,0.00813277,0.000905378,0.00586214,-0.0242567,-0.00448194,-0.00501534,0.0539823,0.468061,0.310513,
-0.873783
0.0838999,
-0.00282578,-0.00511053,-0.00493582,-0.00649568,0.0307948,0.00515728,-0.00253337,-0.0575867,-0.0305999,-0.0249634,
-0.337425
0.127834,
0.01569,0.0489765,0.023402,0.00864574,0.0606788,0.023097,0.00651123,-0.00940554,-0.00733812,0.00282362,
-0.276111
0.23983,
-0.0420259,-0.103198,-0.0456184,-0.00255481,-0.137018,-0.0422072,-0.0173549,-0.0540739,0.0179984,0.0115791,
-0.00640641,-0.322336,-0.00408409,-0.0867146,
-0.612017
0.0488449,0.104234,0.0374096,-0.0118455,-0.0714996,0.0331036,-0.00111715,-0.161444,-0.247939,-0.163209,
-0.0771498,0.563454,-0.124685,0.0772891,
-0.183679,
-0.000128879
6573
7250
1
7250
0
6
7251
1
7251
0
-1
-1
1
1
4
3016
13
0
0
-1
4
1
1
0
3
6
1
4
0
2
1
1
6
0
-1
1808
1
1344
0
6
1345
1
1345
0
-1
-1
1
1808
2
2
1
2
6
0
1
2
0
0
2
10
4
1
0.190799,0.0497346,
-0.473033
0.034833,0.0371572,
0.197965
-0.130705,0.0342743,
-0.137409
0.00662863,0.0887628,
-0.290501
0.0825735,0.523025,
-0.321113
0.293461,0.133862,
0.404911
0.0912422,-0.0328504,
-0.231318
0.0133309,0.0515508,
-0.12177
0.0264885,-0.00989073,
-0.0678207
0.0417235,0.168953,
-0.265861
0.0309526,0.0514372,
-0.0952322,-0.122957,-0.0113884,-0.0591189,-0.0868562,-0.019052,-0.0299176,-0.0212378,-0.0177826,-0.0534818,
-0.35197
0.245715,-0.177401,
0.0582528,-0.00698498,0.0330107,-0.0365006,-0.230817,-0.510648,0.149764,-0.0579588,0.00911141,-0.158536,
-0.570678
0.541489,-0.165623,
0.155037,-0.014662,0.00473368,0.0125734,0.352888,-0.21726,-0.188477,0.0907267,-0.0115564,0.213019,
-0.768648
0.0442939,0.0724619,
-0.0983178,-0.173656,0.00441787,-0.0691912,-0.101789,-0.0505897,-0.0319487,-0.0246549,-0.0222358,-0.0626745,
-0.476283
0.863456,0.0184375,
-0.215743,-0.149336,-0.0924431,-0.126611,-0.218749,0.203494,0.0412599,-0.069956,-0.0161449,-0.11442,
-0.181662,-0.381254,-0.46972,-0.252562,
-0.86252
0.183049,0.0506355,0.0887507,-0.0871204,-0.161744,0.37443,-0.102669,-0.0142674,-0.0344898,-0.0238925,
-0.117651,-0.00992344,0.109359,-0.160965,
-0.275711,
-0.146161
1344
2821
1
1964
0
4
1965
1
1965
0
4
1345
1
2821
2
1
1
2
4
0
1
10
4
1
-0.000306147,
-0.00983109
-0.0130934,
-0.327612
0.00142593,
-0.0982863
0.236251,
-0.265493
0.00201762,
-0.0524673
-0.00892185,
-0.20837
0.00169252,
-0.0555928
-0.00680005,
-0.177977
-0.0108593,
-0.370617
-0.00293116,
-0.0734372
-0.033719,
-0.00460352,0.000699585,0.0230449,0.0168884,-0.00183131,0.0433798,-0.0549593,-0.018324,0.0507184,-0.00205791,
-0.645074
0.0502137,
-0.0175514,-0.23653,-0.0651718,0.000376853,0.000642313,-0.142514,-0.0438509,-0.0113879,-0.261628,-0.00368268,
-0.316544
-0.00210244,
-0.0150417,-0.176946,-0.00453501,0.00287571,-0.00753179,-0.0573066,-0.0356957,-0.0317746,-0.121659,-0.0391788,
-0.112123
-0.0176667,
-0.0123297,-0.106018,-0.0212635,0.00937915,-0.0159447,-0.069711,-0.0636411,-0.0531595,-0.0722375,-0.0366664,
-0.339492
-0.0152043,
-0.00356026,-0.00736595,-0.0284761,0.00928478,0.00653638,-0.0337009,0.0402839,0.063463,0.178893,0.00816337,
-0.157784,0.115898,0.0508592,0.0581637,
0.00139786
-0.00669724,-0.185438,-0.0963443,-0.213365,-0.0684909,-0.16214,-0.256966,-0.136187,-0.0639803,-0.0462569,
-0.19578,0.0229298,-0.0468908,-0.0570895,
-0.231712,
0.00950136
1964
2822
1
2822
1
1
2823
1
2823
0
0
2824
1
2824
0
0
1345
1
1
1
1329
11
0
0
-1
4
1
2
1
1
5
1
3
0
3
2
1
4
0
5
3
1
5
1
2
1060
1
7
0
-1
-1
1
46
2
2
2
3
5
2
6
0
2
3
2
1
2702
0
2
10
4
1
0.181932,-0.169691,
0.0389745
0.0260429,0.0300772,
-0.213737
0.183439,0.0591027,
-0.0046407
0.323239,-0.0388699,
0.344915
-0.0195445,0.0442863,
-0.039224
-0.138609,0.13131,
0.0113262
0.114489,0.0852086,
-0.190058
0.0885976,0.0062624,
-0.054285
0.180104,-0.0389472,
0.332197
0.0442169,-0.00943006,
0.101241
0.305401,0.0215282,
0.0143172,0.025951,0.0421496,0.0618583,-0.00177467,0.0113314,-0.0036951,0.0409436,0.0492427,-0.00348148,
-0.220299
0.339806,0.121624,
0.0810775,0.152881,0.117942,0.126056,0.0430682,0.0963474,0.363829,0.156325,0.0899737,0.00519542,
-0.460449
0.0190791,0.0200516,
0.0438816,0.00061556,-0.00702306,-0.0118159,-0.017369,-0.0120262,0.0608565,-0.00649612,-0.00628363,-0.00662198,
-0.116025
0.599627,-0.0570459,
0.000969722,0.0388587,-0.0831004,0.0294013,0.0657719,0.198383,-0.0681553,-0.0294818,0.0433011,0.00950951,
-0.0703711
0.602575,0.815926,
-0.183686,-0.0863094,0.0358382,0.35305,-0.0630257,-0.0800874,0.00761435,-0.167111,0.253817,0.0869255,
-0.260732,0.0100555,0.0740109,-0.987266,
1.82739
-0.308241,0.164102,-0.289693,0.605344,0.0365931,0.274877,0.469073,-0.141035,0.536506,0.147264,
-0.165561,-0.422058,0.0716455,0.0213448,
0.0755635,
-0.507567
7
912
1
912
0
0
913
1
913
0
5
7
1
1060
2
3
2
3
2
1
2702
0
2
3
5
2
1
0
2
3
2
1
0
0
3
10
4
1
-0.335262,0.0847608,0.0448259,
-0.41908
-0.0161268,0.0726331,-0.0190942,
0.0766969
-0.0224273,0.139576,-0.0222958,
0.151451
0.0446025,0.173291,-0.00306401,
0.652506
-0.0253554,0.0096605,-0.317032,
-0.0113113
-0.00483885,0.00609559,-0.0293908,
-0.00331142
-0.0275525,0.0148951,-0.26751,
0.141234
-0.142219,0.0138166,-0.632863,
-0.220086
0.138518,0.260907,-0.0128217,
-0.114494
0.370934,-0.116785,-0.126253,
-0.194435
0.149185,-0.0756475,0.325184,
-0.0443005,0.00349242,0.0180999,0.00680846,-0.00761291,0.00073206,-0.0362703,0.0478041,-0.0100568,0.0191495,
0.090736
-0.523361,0.287737,-0.493959,
-0.115122,-0.0270185,-0.0606952,-0.143176,-0.00342866,-0.00249119,-0.12088,-0.311098,-0.0368813,-0.0138817,
0.188269
0.172639,0.140289,0.391128,
0.155059,-0.00870389,-0.00833042,-0.00433714,-0.00860155,0.00550556,-0.00133273,0.00860967,0.0876506,0.214285,
-0.339387
0.526203,-0.0602686,0.0123021,
-0.00887572,0.0220361,0.0362659,0.0651617,-0.0367553,0.00245319,-0.0695546,-0.090352,-0.0512378,0.0320039,
0.336302
-0.0778243,0.322262,0.739031,
-0.197447,0.0241157,0.0457719,0.0145333,0.00557369,-0.00160309,-0.217681,0.0777439,-0.0495734,-0.00626013,
-0.0594261,-0.861295,-0.17614,-0.0364804,
0.240108
0.125088,0.102837,0.180665,0.497809,-0.279059,-0.0288996,-0.250288,0.259453,-0.288773,0.108117,
0.117211,-0.0374127,-0.596621,0.297382,
0.278477,
-0.694145
46
1061
1
1061
0
2
912
1
2
1
2
871
12
0
0
-1
68
1
5
0
-1
835
1
68
0
1
5
1
835
0
5
836
1
836
0
2
837
1
837
0
1
838
1
838
0
0
839
1
839
0
5
840
1
840
0
6
841
1
841
0
5
842
1
842
0
3
843
1
843
0
-1
-1
1
0
9341
11
0
0
-1
1
1
1
0
6
2
1
2
0
2
2695
1
7
0
3
11
1
11
0
-1
9245
1
2695
0
2
8872
1
2833
0
0
7236
1
7236
0
6
7
1
8872
0
6
2833
1
9245
0
6
9246
1
9246
0
-1
-1
1
0
5029
12
0
0
-1
5
1
4
1
5
459
1
5
0
6
6
1
6
0
1
7
1
7
0
6
8
1
8
0
0
3516
1
9
0
-1
-1
1
459
0
3
9
1
3516
2
2
1
6
5
0
1
6
8
0
2
10
4
1
0.302378,0.134093,
-0.313754
0.0315136,0.107633,
0.0986748
0.179947,-0.102191,
-0.16832
-0.0482845,-0.177733,
-0.11882
0.214251,-0.119742,
-0.207683
0.105882,0.224156,
0.445406
0.00124352,0.00621612,
0.0561141
0.00442838,0.00393771,
0.162434
-0.0202903,0.0249291,
0.0139115
0.282297,0.101407,
0.221642
-0.011205,0.230023,
-0.0718763,-0.0125874,-0.276353,0.00667096,-0.197325,-0.0270753,0.0116306,0.0305781,0.0216859,0.0265983,
0.856568
0.0499421,0.401378,
-0.224962,-0.0038879,-0.0722402,-0.201576,-0.151515,0.139487,0.00363186,-0.00761878,-0.0447118,0.0146561,
-0.501573
-0.11091,0.0867164,
0.0175284,-0.00529575,0.00787725,-0.00361231,-0.0014901,0.0396831,-0.00640403,-0.00292952,-0.00307273,0.0264399,
0.0479205
0.0285834,0.00550303,
-0.00929423,0.000210406,0.00573751,-0.00745533,0.00813798,-0.0254071,-0.00741337,-0.00872597,0.00135547,-0.00930267,
0.0029796
0.190952,-0.187167,
0.0223376,0.0387705,-0.0883905,-0.122193,-0.0698432,0.250453,0.017096,0.0225491,-0.0431407,0.0988891,
0.389521,-0.0727513,-0.169827,-0.00619939,
0.230416
-0.209412,0.099025,-0.0497882,0.119083,-0.0715213,0.180046,0.00867406,-0.0138202,-0.0288773,0.160619,
0.38363,-0.343477,-0.0426329,0.028929,
0.171057,
-0.530588
4
3517
1
3517
0
4
3518
1
3518
0
3
3519
1
3519
0
5
9
1
1
5
1002
17
0
0
-1
116
1
6
0
3
7
1
7
0
1
77
1
8
0
-1
-1
1
77
1
6
127
1
116
1
8
6
1
127
1
9
843
1
703
0
0
8
1
843
1
8
844
1
844
0
2
845
1
845
0
1
846
1
846
1
5
847
1
847
0
0
848
1
848
0
0
849
1
849
0
2
899
1
899
1
6
900
1
900
0
2
703
1
4
5
6
8
9
3311
12
0
0
-1
3
1
3
0
1
1528
1
5
0
-1
-1
1
1528
0
1
3288
1
1529
1
6
1530
1
1530
1
5
1531
1
1531
0
0
1532
1
1532
1
5
5
1
3288
2
1
1
8
3
0
1
10
4
1
0.00282723,
-0.0268948
-0.00332156,
-0.079642
0.00218428,
-0.105744
0.00339874,
-0.0608991
0.00675368,
-0.209168
0.0124311,
-0.10412
0.000282136,
-0.0156359
0.00199154,
-0.0896853
0.013957,
-0.30609
0.00565435,
-0.188329
0.00548321,
-0.00404374,-0.0114505,-0.00802376,-0.00865976,-0.00850782,-0.0082875,0.00741055,-0.00536159,-0.00517604,-0.00338909,
0.0418358
0.0467839,
-0.00794544,-0.00824243,-0.0127334,0.00440614,-0.0112617,-0.0308891,-0.00546844,-0.00457575,-0.0245535,-0.00577744,
0.336295
0.0121786,
0.00904,0.000795181,0.00480802,0.00831358,-0.0192908,-0.00203159,0.00952586,0.0022834,-0.0108277,-0.00946359,
0.0937006
0.00953862,
-0.0022763,-0.00686356,-0.00251774,-0.00238826,-0.0118326,-0.00527867,0.00995634,0.000874825,-0.00767758,-0.00179982,
0.0743968
0.260686,
-0.00674598,-0.00244079,-0.0196841,-0.00365545,-0.0216258,-0.0334626,0.0010836,-0.00476826,-0.0235787,-0.0165225,
-0.0272826,-0.0799157,-0.0483163,-0.0468808,
-0.523589
-0.000418943,-0.000173773,-0.00137719,-0.00455344,-0.00979211,-0.00184072,-0.000400836,0.000167995,-0.0144807,-0.0102559,
-0.0058745,-0.0767592,-0.0114103,-0.00875773,
0.0156215,
0.0114978
1529
3289
1
3289
0
3
3290
1
3290
1
5
3291
1
3291
0
2
1531
1
2
5
6
415
16
0
0
-1
6
1
1
1
8
5
1
2
0
3
3
1
3
0
1
4
1
4
1
6
1
1
5
1
5
13
1
6
0
1
7
1
7
0
3
8
1
8
1
8
2
1
9
0
-1
-1
1
13
1
5
14
1
14
0
1
326
1
16
0
6
386
1
326
0
0
16
1
386
2
0
0
10
4
1

-0.422753

-0.114517

-0.274501

-0.213685

-0.331713

-0.66315

-0.226659

-0.574503

-0.134865

-0.488083

0.0145427,-0.00190274,-0.445958,-0.0480695,-0.0569505,-0.021983,-0.0212184,0.0150047,-0.0356354,0.00718662,
-0.182971

-0.0291153,0.0191645,-0.351738,0.00951619,-0.0965627,0.0494345,-0.0656681,0.00631799,-0.0688572,-0.00274877,
-0.266186

-0.178063,-0.0122412,-0.452256,-0.146953,0.0901659,-0.0617094,-0.100346,-0.0349822,-0.0749823,0.0679931,
-0.716294

-0.10315,-0.087158,-0.234346,-0.139744,-0.243873,-0.0712911,-0.1127,-0.0914273,-0.0331111,-0.070956,
-0.708101

-0.219051,-0.124636,-0.525391,-0.20686,-0.21888,-0.15933,-0.201461,-0.19704,-0.171557,-0.154441,
-0.0899166,-0.0958559,-0.194905,-0.13537,
-0.55965
0.0493974,0.0134078,0.0595853,0.0553432,0.0526664,0.0903376,0.0296259,0.0778738,0.0203133,0.0678861,
0.0538665,0.0349678,0.0835215,0.0462482,
0.00382899,
0.013098
9
387
1
387
1
6
9
1
3
5
6
8
776
11
0
0
-1
1
1
1
1
7
750
1
2
1
7
311
1
3
0
1
4
1
4
0
-1
673
1
311
1
6
3
1
314
0
-1
-1
1
673
0
0
314
1
750
1
7
751
1
751
0
3
752
1
752
0
0
2
1
3
5
6
7
6643
29
0
0
-1
5
1
2
0
2
5521
1
5
0
0
13
1
6
0
6
5925
1
13
0
1
1752
1
14
0
-1
6099
1
1752
0
5
4242
1
4242
0
6
2
1
5521
0
0
5522
1
5522
0
3
5523
1
5523
0
1
5524
1
5524
0
2
5525
1
5525
0
1
5526
1
5526
0
6
5527
1
5527
0
3
5528
1
5528
0
5
6
1
5925
0
2
6216
1
5926
0
2
5927
1
5927
0
3
5928
1
5928
0
6
6215
1
5929
0
1
6217
1
5930
0
0
5931
1
5931
0
5
5932
1
5932
0
0
14
1
6099
0
6
6100
1
6100
0
-1
-1
1
6215
1
16
5929
1
6216
1
16
5926
1
6217
1
16
5930
1
1
16
5164
8
0
0
-1
465
1
465
0
2
466
1
466
0
3
1005
1
1005
0
0
4984
1
3981
0
-1
-1
1
4984
0
6
5162
1
5162
0
3
5163
1
5163
0
6
3981
1
1
11
1291
29
0
0
-1
1
1
1
0
3
506
1
2
0
6
3
1
3
0
0
8
1
4
0
6
5
1
5
0
0
2
1
6
0
2
7
1
7
0
-1
9
1
8
1
12
6
1
9
0
-1
113
1
113
2
4
1
13
1
0
1
13
9
0
2
13
8
12
465
0
1
13
0
0
4
10
4
1
-0.210097,-0.0298287,-0.0600504,-0.0940215,
0.157982
-0.000960565,0.0228947,0.165008,-0.00590584,
-0.203042
-0.131598,0.201558,-0.493971,-0.265381,
0.544106
-0.358075,0.0652272,-0.0158226,0.208139,
-0.281894
0.0889428,0.17918,-0.0382693,-0.136379,
-0.192847
-0.0188591,0.442833,-0.0885504,-0.0464268,
-0.411362
-0.146216,-0.0932481,0.267829,-0.107479,
-0.00968197
0.282056,0.383261,-0.0363753,-0.250754,
-0.607191
0.00772251,0.0670774,0.0333945,-0.00800899,
-0.116396
0.165606,-0.27514,0.0679717,0.205347,
-0.327442
-0.082038,-0.207548,0.139586,0.0332804,
0.108236,0.174574,-0.0267061,0.011854,0.0923067,-0.0271185,0.000628008,0.332034,0.0502436,0.0104124,
-0.0528204
0.0308106,-0.295782,0.0477347,0.0159448,
-0.0302686,-0.088325,0.227889,-0.0324688,-0.0552328,-0.0684958,0.281975,-0.249799,-0.0302617,0.269751,
0.0873571
0.248735,-0.0678648,0.0129018,0.0809054,
-0.00734951,0.0336476,-0.290502,-0.0217706,0.183893,0.12813,-0.375813,0.339703,0.0416461,-0.136933,
-0.465473
-0.191074,0.0587997,-0.019071,-0.312256,
-0.0111352,-0.111834,0.0542962,0.103546,-0.184511,-0.0155905,0.00792164,-0.394896,-0.0518757,-0.0912774,
0.326352
-0.0547251,-0.0404401,-0.34439,-0.222267,
-0.0201326,-0.0826432,0.464671,0.148469,-0.37929,-0.403081,-0.0980313,-0.614153,-0.0467277,0.0676852,
-0.155067,-0.343847,-0.110835,0.0389314,
0.697499
-0.0929836,-0.138371,0.341783,-0.226734,-0.0779298,-0.246476,0.089416,-0.163993,-0.0549278,0.179711,
0.092572,-0.201679,-0.339267,-0.1647,
-0.243795,
0.175555
665
114
1
114
0
2
115
1
115
1
11
116
1
116
0
5
117
1
117
0
5
118
1
118
1
11
154
1
119
0
-1
-1
1
154
2
3
1
13
2
0
1
13
3
0
1
13
6
0
3
10
4
1
0.0245173,0.249286,0.037427,
-0.69093
-0.0188275,0.081195,-0.0243658,
-0.182289
-0.0900926,0.179338,0.00607515,
-0.196731
-0.242536,0.049119,0.0343282,
-0.339283
-0.00962151,-0.0172409,0.0938367,
0.12414
0.00166208,0.0292252,0.0018683,
0.00438364
-0.106236,-0.0258446,0.00961103,
-0.280623
-0.0506761,0.0965657,-0.0266856,
-0.221289
-0.0316085,0.0185468,0.263185,
-0.102359
-0.0531503,0.0368204,0.153612,
-0.36321
0.0208945,0.0200214,-0.00784405,
-0.0271146,-0.0129444,-0.0270088,-0.0214351,0.0135461,0.0105865,0.0363894,-0.0086233,-0.0461952,-0.0233243,
-0.241651
0.109229,0.254368,0.126348,
-0.17665,-0.057001,-0.142713,-0.480798,-0.0337396,0.00375076,-0.17251,-0.118347,-0.193913,-0.0206402,
-0.576873
0.0963236,0.233818,0.057143,
0.102505,-0.023682,0.0799897,-0.242357,-0.124997,-0.088672,-0.132566,-0.0976572,-0.085546,-0.299488,
-0.613612
-0.0804329,-0.0102379,0.0291271,
-0.0272817,-0.0253807,-0.0792812,-0.0543674,-0.202327,-0.0825204,-0.0995226,0.0188271,-0.0391527,-0.0269912,
0.139865
-0.121545,0.077162,-0.0199495,
-0.031039,-0.0586554,-0.0244887,-0.19019,0.0410592,-0.0376983,-0.128411,-0.141646,-0.0506175,-0.059017,
-0.0326044,0.0450206,-0.077574,-0.468919,
-0.546473
0.137072,0.0167478,-0.0528416,0.0618259,-0.0246552,0.026811,-0.0587722,-0.00256077,0.0195052,0.00349826,
0.0183858,-0.144088,0.165009,-0.01632,
-0.0464613,
0.00430148
119
667
1
155
0
3
156
1
156
0
3
119
1
374
0
2
119
1
506
2
1
1
13
0
0
1
10
4
1
-0.0135541,
-0.141461
-0.00188837,
-0.0714656
-0.00651026,
-0.0712738
-0.0271209,
-0.273843
-0.0266491,
-0.232397
0.000340386,
-0.0160193
0.000185724,
-0.00700065
-0.0111719,
-0.0953547
0.000120694,
-0.00493324
-0.0114878,
-0.158196
-0.0301731,
-0.0130056,0.0211064,0.00093096,-0.0286814,-0.0260935,-0.0015311,0.0200236,-0.0037581,-0.00133677,0.00167065,
-0.308006
0.000541347,
-0.00778481,-0.0107799,0.000894325,0.000294495,0.00053503,-0.00647504,0.00434012,-0.010687,-0.00387554,-0.00692594,
-0.0273867
-9.73359e-05,
-0.00742036,-0.0198915,-0.0043342,-0.0113046,-0.00749393,0.00485156,-0.0126845,-0.0068977,-0.0114678,0.00353844,
-0.00341955
-0.0199473,
-0.0223129,-0.0293507,-0.00605399,-0.0220329,-0.0343033,0.005187,-0.0346979,-0.00948592,-0.0233826,0.00151153,
-0.215515
-0.077007,
-7.54394e-05,0.00379101,-0.00295715,-0.0254713,-0.0263877,0.00142949,0.00263289,-0.0146354,0.00475585,-0.00678492,
-0.00500506,-0.0138472,0.0015181,-0.0131157,
-0.0387673
0.000404039,0.000364388,0.000144572,0.000352044,0.00038675,-2.28195e-05,-2.05505e-05,0.00020856,0,0.00200474,
0.000416703,9.58154e-05,0,0.000118627,
0.0131933,
-0.00330353
4
507
1
507
0
6
508
1
508
1
12
509
1
509
0
1
119
1
665
0
1
666
1
666
0
6
374
1
667
2
1
2
13
118
11
5526
0
1
10
4
1
-0.0610246,
-0.338712
0.0291678,
-0.0325341
-0.0520228,
-0.284612
-0.0297354,
0.348229
0.0737848,
-0.0748575
0.0433964,
-0.0320461
-0.100962,
-0.636534
0.114573,
1.08384
-0.0212736,
-0.0931966
0.20919,
-0.213652
0.0011124,
0.000310085,0.000664854,-0.00425232,-0.00568843,0.00192688,0.00805251,0.00536561,-0.00821044,0.00750745,-0.00178489,
-0.00193058
-0.0627853,
-0.0630353,0.0043618,-0.0314662,-0.0932566,0.0477861,-0.00412477,-0.0491733,-0.00439507,-0.0122339,0.00133457,
-0.466566
-0.0845743,
-0.0932648,0.011601,-0.0400267,0.158883,0.0724618,-0.0475475,-0.127736,-0.00413822,-0.043785,0.00180628,
-0.793031
0.0167951,
0.00331975,-0.00802829,-0.0164135,0.0242193,0.0375407,0.0054923,-0.0357994,-0.0779674,-0.00799292,-0.0771806,
0.15497
0.00604746,
-0.0175428,-0.0125582,-0.0139597,0.0288602,-0.0609063,0.010896,-0.0357344,-0.0497805,-0.00532099,0.0133854,
0.00208074,-0.00101779,-0.00397552,-0.00992097,
0.015741
0.203719,0.108429,0.163311,-0.0936807,-0.145701,-0.0995236,0.351579,0.697201,0.0569481,-0.335558,
0.00089087,0.0252692,0.0384335,0.0239032,
-4.61909e-05,
-0.716021
155
668
1
668
1
11
119
1
2
11
12
1202
12
0
0
-1
693
1
4
0
0
1176
1
223
0
6
1186
1
462
0
-1
-1
1
691
1
15
223
1
693
1
15
1175
1
1031
1
13
462
1
1175
1
17
4
1
1176
1
17
691
1
1186
1
12
1187
1
1187
0
1
1188
1
1188
0
3
1031
1
5
11
12
13
15
17
1092
4
0
0
-1
2
1
2
0
6
574
1
6
0
-1
-1
1
574
1
13
6
1
3
11
12
13
1087
3
0
0
-1
242
1
4
0
-1
-1
1
242
0
6
4
1
0
149
8
0
0
-1
2
1
1
0
-1
6
1
2
0
1
3
1
3
0
1
147
1
4
1
13
1
1
6
0
-1
-1
1
147
0
6
148
1
148
0
6
4
1
4
11
12
13
15
1894
12
0
0
-1
573
1
573
0
0
574
1
574
0
3
575
1
575
2
1
1
18
574
0
1
10
4
1
-0.0334268,
0.0333927
-0.139327,
0.139245
0.000240682,
-0.00487973
-0.00283666,
-2.37229e-05
-0.00035639,
-0.000356665
0.749425,
-0.794095
-0.00949149,
-0.00245633
-0.00983933,
-0.00350967
0.0062558,
9.7988e-05
-0.0156386,
-0.00131155
0.107706,
-0.00241895,-0.0187779,0.00868244,0.000783313,0.00842708,-0.569258,0.00437724,-0.000628361,0.0010969,-0.00782731,
0.563129
0.389812,
-0.030257,-0.0684197,-0.00188061,0.00534974,0.00263554,0.0770419,-0.00373444,-0.00634128,-0.00710966,0.00165656,
-0.396907
0.561454,
-0.0549773,-0.103416,0.00106768,0.00979729,-0.00746325,0.121571,-0.00223768,0.00668026,-0.0113209,0.000533291,
-0.571388
0.0619386,
0.00712909,0.00530727,-0.00777606,-0.0079807,-0.00245134,-0.284613,-0.00940688,0.00658083,0.00299089,-0.00832913,
0.332615
0.439521,
0.00328948,-0.0192277,0.00349658,-0.00423799,0.00870432,-0.588862,0.0043283,0.0069981,-0.00240827,0.00114863,
0.221128,-0.612213,-0.924266,0.162643,
0.758277
-0.0234603,-0.0625059,-0.00694062,0.00213661,-0.00786864,0.0528191,0.00399723,0.00564029,0.00243546,0.00633842,
0.169319,-0.00804215,-0.0158577,0.0496157,
0.183533,
-0.283554
582
576
1
576
0
2
577
1
577
0
3
578
1
578
0
6
579
1
579
0
2
580
1
580
0
5
582
1
582
0
-1
1464
1
1464
0
6
1465
1
1465
0
-1
-1
1
0
3090
12
0
0
-1
2
1
2
0
1
247
1
4
2
1
1
19
2
0
1
10
4
1
-0.00192321,
-0.000324058
0.876202,
0.882167
0.38821,
0.144234
-0.00724534,
-0.000502577
-0.364568,
0.277498
-0.105568,
0.447253
0.0720702,
0.130335
0.174414,
0.399935
-0.00369215,
-0.00521545
-0.00226707,
0.00225863
0.041566,
-0.00325537,-0.0240567,-0.00404545,-0.00782658,-0.00373815,-0.0448402,-0.0106214,-0.0106159,-0.00397515,0.00785314,
-0.0894363
0.209604,
0.00706782,0.0509715,-0.0606666,-0.00461182,-0.0948007,-0.0411598,-0.150817,-0.150726,0.00910388,-0.000825077,
0.290477
0.472134,
-0.00905385,0.915222,0.00506751,0.00215967,-0.00567329,0.0153213,-0.011525,-0.537702,-0.00311522,0.0218714,
0.625005
-0.00357878,
-0.000541909,0.00154051,-0.00352976,-0.00476059,-0.00327895,0.00341343,-0.00464736,-0.0027106,0.00590442,0.00744838,
-0.00628361
0.716314,
-0.00839753,0.63672,-0.0322318,0.00586834,-0.0720542,-0.204998,-0.164762,-0.0892336,-0.00932647,0.006895,
0.0174115,0.196822,-1.01412,-0.00854039,
0.587946
-0.00262183,-0.811913,-0.168888,0.00380454,-0.397383,0.168438,-0.038436,-0.162036,-0.00567061,0.00158546,
-0.0506956,0.360021,0.584937,-0.00380156,
0.182611,
0.0581652
2073
540
1
93
0
2
1079
1
247
0
6
4
1
540
1
18
1323
1
1078
0
6
1079
1
1079
0
-1
-1
1
1323
0
3
1324
1
1324
0
2
1325
1
1325
0
1
1078
1
2073
0
2
93
1
1
18
1751
13
0
0
-1
1
1
1
0
1
6
1
2
0
6
11
1
3
1
18
785
1
4
1
19
5
1
5
0
0
9
1
6
2
1
1
20
1
0
1
10
4
1
-0.00192321,
-0.000324058
0.876202,
0.882167
0.38821,
0.144234
-0.00724534,
-0.000502577
-0.364568,
0.277498
-0.105568,
0.447253
0.0720702,
0.130335
0.174414,
0.399935
-0.00369215,
-0.00521545
-0.00226707,
0.00225863
0.041566,
-0.00325537,-0.0240567,-0.00404545,-0.00782658,-0.00373815,-0.0448402,-0.0106214,-0.0106159,-0.00397515,0.00785314,
-0.0894363
0.209604,
0.00706782,0.0509715,-0.0606666,-0.00461182,-0.0948007,-0.0411598,-0.150817,-0.150726,0.00910388,-0.000825077,
0.290477
0.472134,
-0.00905385,0.915222,0.00506751,0.00215967,-0.00567329,0.0153213,-0.011525,-0.537702,-0.00311522,0.0218714,
0.625005
-0.00357878,
-0.000541909,0.00154051,-0.00352976,-0.00476059,-0.00327895,0.00341343,-0.00464736,-0.0027106,0.00590442,0.00744838,
-0.00628361
0.716314,
-0.00839753,0.63672,-0.0322318,0.00586834,-0.0720542,-0.204998,-0.164762,-0.0892336,-0.00932647,0.006895,
0.0174115,0.196822,-1.01412,-0.00854039,
0.587946
-0.00262183,-0.811913,-0.168888,0.00380454,-0.397383,0.168438,-0.038436,-0.162036,-0.00567061,0.00158546,
-0.0506956,0.360021,0.584937,-0.00380156,
0.182611,
0.0581652
1560
3
1
9
1
19
2
1
11
0
-1
1682
1
785
0
2
786
1
786
0
0
4
1
1560
1
24
11
1
1682
0
-1
-1
1
3
18
19
24
2268
17
0
0
-1
1
1
1
0
1
6
1
3
1
20
624
1
5
1
18
3
1
6
2
1
1
21
1
0
1
10
4
1
-0.00192321,
-0.000324058
0.876202,
0.882167
0.38821,
0.144234
-0.00724534,
-0.000502577
-0.364568,
0.277498
-0.105568,
0.447253
0.0720702,
0.130335
0.174414,
0.399935
-0.00369215,
-0.00521545
-0.00226707,
0.00225863
0.041566,
-0.00325537,-0.0240567,-0.00404545,-0.00782658,-0.00373815,-0.0448402,-0.0106214,-0.0106159,-0.00397515,0.00785314,
-0.0894363
0.209604,
0.00706782,0.0509715,-0.0606666,-0.00461182,-0.0948007,-0.0411598,-0.150817,-0.150726,0.00910388,-0.000825077,
0.290477
0.472134,
-0.00905385,0.915222,0.00506751,0.00215967,-0.00567329,0.0153213,-0.011525,-0.537702,-0.00311522,0.0218714,
0.625005
-0.00357878,
-0.000541909,0.00154051,-0.00352976,-0.00476059,-0.00327895,0.00341343,-0.00464736,-0.0027106,0.00590442,0.00744838,
-0.00628361
0.716314,
-0.00839753,0.63672,-0.0322318,0.00586834,-0.0720542,-0.204998,-0.164762,-0.0892336,-0.00932647,0.006895,
0.0174115,0.196822,-1.01412,-0.00854039,
0.587946
-0.00262183,-0.811913,-0.168888,0.00380454,-0.397383,0.168438,-0.038436,-0.162036,-0.00567061,0.00158546,
-0.0506956,0.360021,0.584937,-0.00380156,
0.182611,
0.0581652
925
5
1
32
0
3
2108
1
33
0
0
34
1
34
0
-1
-1
1
266
0
2
267
1
267
0
2
34
1
624
0
2
266
1
673
0
6
33
1
925
0
0
926
1
926
0
2
927
1
927
0
6
2131
1
2108
0
3
673
1
2131
0
1
32
1
3
18
19
20
2491
13
0
0
-1
3
1
3
1
19
6
1
4
1
20
955
1
5
1
21
4
1
6
1
21
5
1
112
0
6
1500
1
955
1
21
2033
1
956
0
3
112
1
1500
0
0
2453
1
1501
0
-1
-1
1
1859
0
6
1501
1
2033
0
3
956
1
2453
0
3
1859
1
4
18
19
20
21
2848
21
0
0
-1
1619
1
3
0
0
2305
1
5
0
-1
2792
1
1619
0
3
2489
1
1621
1
22
3
1
2305
1
21
2306
1
2306
0
6
2669
1
2489
0
0
2490
1
2490
0
3
1621
1
2617
0
6
2618
1
2618
0
0
2794
1
2669
0
3
2670
1
2670
0
6
2795
1
2792
1
25
2843
1
2794
1
25
5
1
2795
1
25
2617
1
2796
0
-1
-1
1
2843
0
1
2844
1
2844
1
25
2845
1
2845
0
3
2846
1
2846
1
19
2796
1
6
18
19
20
21
22
25
152
16
0
0
-1
8
1
1
1
19
2
1
2
0
-1
14
1
3
0
2
4
1
4
0
0
11
1
5
0
1
6
1
6
0
3
7
1
7
0
6
1
1
8
0
-1
9
1
9
0
1
13
1
10
1
18
3
1
11
1
19
12
1
12
0
0
130
1
13
2
1
1
24
9
0
1
10
4
1
-0.00192321,
-0.000324058
0.876202,
0.882167
0.38821,
0.144234
-0.00724534,
-0.000502577
-0.364568,
0.277498
-0.105568,
0.447253
0.0720702,
0.130335
0.174414,
0.399935
-0.00369215,
-0.00521545
-0.00226707,
0.00225863
0.041566,
-0.00325537,-0.0240567,-0.00404545,-0.00782658,-0.00373815,-0.0448402,-0.0106214,-0.0106159,-0.00397515,0.00785314,
-0.0894363
0.209604,
0.00706782,0.0509715,-0.0606666,-0.00461182,-0.0948007,-0.0411598,-0.150817,-0.150726,0.00910388,-0.000825077,
0.290477
0.472134,
-0.00905385,0.915222,0.00506751,0.00215967,-0.00567329,0.0153213,-0.011525,-0.537702,-0.00311522,0.0218714,
0.625005
-0.00357878,
-0.000541909,0.00154051,-0.00352976,-0.00476059,-0.00327895,0.00341343,-0.00464736,-0.0027106,0.00590442,0.00744838,
-0.00628361
0.716314,
-0.00839753,0.63672,-0.0322318,0.00586834,-0.0720542,-0.204998,-0.164762,-0.0892336,-0.00932647,0.006895,
0.0174115,0.196822,-1.01412,-0.00854039,
0.587946
-0.00262183,-0.811913,-0.168888,0.00380454,-0.397383,0.168438,-0.038436,-0.162036,-0.00567061,0.00158546,
-0.0506956,0.360021,0.584937,-0.00380156,
0.182611,
0.0581652
5
10
1
14
0
-1
-1
1
130
0
3
14
1
2
18
19
51
12
0
0
-1
9
1
1
0
0
3
1
2
1
20
1
1
3
0
-1
11
1
4
1
20
5
1
5
1
21
6
1
6
0
6
7
1
7
0
0
8
1
8
1
21
2
1
9
0
3
10
1
10
0
0
4
1
11
0
-1
-1
1
5
18
19
20
21
22
6671
33
0
0
-1
767
1
767
0
1
6588
1
768
0
1
6152
1
1352
2
1
1
26
767
0
1
10
4
1
0.00373963,
0.0172035
0.196668,
-0.387839
-0.00953429,
-0.0256149
-0.004319,
-0.0743175
-0.00341253,
-0.044455
-0.0311679,
-0.0374262
0.0520806,
-0.0544068
0.168619,
-0.172542
0.31326,
-0.592142
-0.0563284,
0.0327889
-0.0268614,
0.00882939,0.0294697,-0.0279892,0.00460442,0.00889987,-0.139946,0.0152511,0.0268315,0.0288674,-0.101563,
-0.171828
-0.014419,
-0.0102568,-0.053637,-0.0537492,0.000682355,-0.0181124,-0.153262,-0.00822362,-0.0292133,-0.0857193,-0.196343,
0.00431495
0.375754,
-0.019273,-0.106129,-0.0887927,-0.0601089,-0.00780094,-0.351697,0.00115011,-0.0206154,-0.161269,-0.384488,
-0.383503
0.32539,
0.00836368,-0.0107349,0.000631859,-0.0113741,0.000340868,0.0797028,-0.00928029,-0.0421961,0.0143902,-0.0241623,
0.194076
-0.00117307,
-0.114129,-0.0824053,0.0580632,0.000823563,-0.114498,0.0514364,-0.0133457,-0.0448686,-0.153511,0.206882,
-0.012201,-0.0659198,-0.315729,-0.138086,
-0.47394
0.00127073,-0.112032,-0.000693885,0.00903954,0.110293,0.00709262,0.0255422,0.0857886,-0.172949,0.00729534,
0.0590816,0.092506,0.231949,-0.0973947,
0.0244434,
0.012852
1354
1353
1
1353
0
2
6587
1
1354
0
-1
6530
1
2779
2
3
1
26
1352
-1
1
26
768
0
1
26
1353
0
3
10
4
1
-0.14216,0.203814,0.0594007,
-0.136248
0.0383399,0.00708524,0.205393,
0.0956102
-0.252905,-0.0203432,0.706953,
-0.332795
-0.0931307,0.199331,0.0662992,
-0.0628103
0.0565417,0.00944371,0.272052,
0.122964
-0.0370464,0.0646211,0.0176718,
-0.0473971
-0.153718,-0.0122614,0.563009,
-0.185375
-0.0533258,0.104018,0.150318,
-0.0264388
0.00141579,0.0695475,0.356337,
-0.0441936
-0.160056,0.230674,0.0633903,
-0.148253
-0.298041,-0.033211,0.0359831,
-0.0258768,-0.0173373,-0.00646549,-0.0366049,-0.0130989,0.00215876,-0.0129146,-0.00460929,-0.00651093,-0.0344081,
-0.515906
-0.153725,0.116565,0.162075,
0.0723479,0,0.00258212,0.0654885,-0.0112806,0.0297147,0.0381673,0.0306589,0.0223682,0.0842884,
-0.0936294
-0.0625579,0.136353,0.223851,
0.0383608,0.0325436,0.101249,0.0393066,0.0328174,0.0105743,0.0802071,0.036072,0.0702952,0.0343167,
-0.0210552
-0.0496302,0.157953,0.0641431,
0.0656795,-0.0261594,-0.145326,0.0622403,-0.0510592,0.029237,-0.10467,0.0173208,-0.0520372,0.0738086,
-0.123997
-0.368665,0.796891,0.26858,
-0.165098,-0.247773,-0.288941,-0.141424,-0.358699,-0.0429962,-0.354219,-0.169776,-0.282768,-0.134406,
-0.189827,-0.263202,-0.196984,-0.117109,
-0.684502
-0.0457036,0.0132049,0.0344995,-0.0347429,0.0178503,-0.0185966,0.0328688,0.0174051,-0.104379,-0.0798948,
-0.0332238,0.00162824,0.0226652,-0.0579672,
0.0816084,
0.0132867
5652
2781
1
2781
0
2
6586
1
5652
2
1
1
26
1353
0
1
10
4
1
0.61546,
-0.627033
-0.0319738,
-0.366634
-0.00415464,
-0.0449409
0.0159276,
-0.189707
0.295736,
-0.221077
-0.314496,
-0.0115245
0.00122178,
-0.00753043
0.21631,
-0.208354
0.112344,
-0.378746
-0.0980686,
0.0398992
-0.0253464,
0.0014912,-0.00191159,-0.000989532,-0.00259314,-0.00669689,0.00868828,-0.00280771,0.00363677,0.00150166,0.0104665,
-0.00223728
-0.0722217,
0.0784127,0.0277241,-0.00103596,0.0401618,0.00107879,0.00607634,-0.0170385,0.0353892,0.0110045,0.00373259,
-0.00158424
-0.10104,
-0.181095,0.0875004,0.0199061,-0.089428,-0.229249,-0.131022,0.000159038,-0.0572263,-0.0723764,-0.0376372,
-0.719835
-0.137509,
0.0345658,0.202888,0.0409198,0.0512287,-0.0845043,0.0361078,0.0115051,0.0213916,0.0247356,0.0043425,
-0.0036421
-1.42271,
-0.196861,0.151721,0.0285895,0.00398757,-0.307161,0.0549106,0.0501927,-0.0618998,-0.00704609,0.0930725,
-0.019271,0.0679704,0.232311,0.0846069,
1.26587
0.119191,0.158215,0.0213517,-0.136666,0.0505462,-0.104381,-0.0906909,0.0397914,-0.134736,0.0379119,
-0.0118193,-0.0651376,0.161497,-0.152242,
0.053205,
-0.0723978
1354
5653
1
5653
0
3
5654
1
5654
0
5
5655
1
5655
0
3
5656
1
5656
0
3
5657
1
5657
0
2
5658
1
5658
0
2
5659
1
5659
0
0
5660
1
5660
0
0
1354
1
6152
0
1
6153
1
6153
0
3
6584
1
6506
0
3
6507
1
6507
0
0
6508
1
6508
0
3
6585
1
6509
0
3
1354
1
6530
0
6
6531
1
6531
0
6
6532
1
6532
0
2
6533
1
6533
0
0
6534
1
6534
0
-1
-1
1
6584
1
28
1352
1
6585
1
28
6509
1
6586
1
28
6506
1
6587
1
28
2779
1
6588
1
28
768
1
1
28
69
16
0
0
-1
7
1
1
2
2
2
27
7
26
767
0
1
27
6
0
2
10
4
1
0.874347,0.0595849,
-0.183265
0.788218,-0.011704,
-0.234384
0.0922536,0.10464,
0.0231241
0.317659,0.0433393,
0.156339
-0.119902,-0.0214884,
-0.0422623
-0.103263,0.270645,
0.0263889
0.294489,0.685446,
0.192333
0.00439865,0.0202152,
0.00892396
-0.0900535,-0.0242023,
-0.0527986
-0.267185,-0.0782903,
-0.235914
-0.233558,0.024036,
-0.0323986,-0.0170805,-0.00912794,-0.00475758,0.000911695,-0.00420307,-0.0715182,0.00952,-0.00664694,-0.00175215,
0.0104125
0.17034,-0.0721467,
0.111066,0.0875144,-0.0156515,0.0358673,0.00390828,-0.0674315,-0.19866,-0.000541424,0.00605279,-0.0226106,
0.183069
0.218084,-0.116502,
0.10647,0.125751,-0.0367901,-0.00600047,0.0385439,-0.00896872,-0.440386,-0.0100834,0.0541582,0.0504806,
-0.114069
-0.00432739,-0.0177928,
0.000631139,0.0131497,-0.00731909,-0.000724813,-0.00188904,0.00713824,-0.0179893,0.00765125,-0.0107774,0.0121696,
-0.0226008
-0.808597,-0.640267,
-0.0165415,0.0115667,-0.0151739,-0.0605894,-0.155684,0.00401179,-0.107744,-0.0098567,-0.146911,0.109021,
0.0870639,0.0113492,-0.364732,0.00060701,
-0.354555
-0.168105,-0.140979,-0.0914668,0.211291,-0.158955,-0.236989,0.218401,-0.0208564,-0.12399,-0.172028,
-0.100055,0.22206,-0.145824,-0.0235963,
-0.0806298,
-0.0100718
15
5
1
2
0
0
11
1
3
0
5
8
1
4
2
3
1
27
2
0
1
27
5
0
2
27
7
26
768
0
3
10
4
1
0.088967,-0.453197,0.498153,
-0.271584
-0.21285,0.0498377,0.198923,
-0.109163
7.27775e-05,-0.00559951,0.0033857,
0.000618079
0.0470355,-0.155033,0.00833439,
0.167808
0.388873,-0.374526,0.0936561,
0.157343
-0.0199108,-0.528268,1.0563,
0.0495156
0.072285,-0.115275,0.00288842,
0.0387205
-0.141687,0.135058,0.0387769,
-0.0764898
-0.424175,0.0925507,0.0192514,
0.192195
0.00963847,-0.00397091,0.0172926,
-0.00988327
0.0170479,-0.190587,0.00720526,
-0.0140946,-0.0212552,-0.00142818,0.0357485,0.0142139,0.00274329,0.00914781,0.00317436,0.00111324,-0.00492857,
0.125576
-0.225466,-0.874456,0.495388,
0.177293,0.172334,0.00353906,0.142317,0.0617275,0.505095,0.0784849,0.169738,-0.477112,0.0259163,
0.655813
0.276643,-0.0811559,0.638735,
-0.0480593,0.0959242,-0.0011466,0.0998073,-0.0651174,-0.0625257,0.0570467,0.06123,-0.371096,0.0186246,
-0.368
0.0573673,-0.585001,0.0693902,
0.0170073,0.0532444,0.000448223,0.0787067,0.162809,-0.0456714,0.0708474,0.0701237,0.015052,0.000419063,
0.75894
-0.145812,-0.680512,0.032094,
-0.0827142,0.11353,0.00807428,0.0889192,0.155887,-0.149987,0.0601032,0.110903,0.0443338,0.00333753,
0.0680231,0.241304,-0.121681,0.433458,
0.491106
-0.612257,0.350645,0.00943543,0.177435,-0.552955,-0.888267,0.106667,0.213118,-0.232931,0.0629592,
-0.210674,0.646041,0.651506,0.698769,
-0.392011,
0.0439758
3
10
1
5
0
4
2
1
6
0
0
1
1
7
1
26
6
1
8
0
-1
9
1
9
1
26
12
1
10
0
1
3
1
11
0
5
4
1
12
0
2
13
1
13
0
2
14
1
14
0
-1
15
1
15
0
-1
-1
1
1
26
1000
7
0
0
-1
4
1
1
0
2
189
1
2
0
0
932
1
4
0
6
1
1
189
0
6
2
1
431
0
-1
-1
1
932
0
6
431
1
0
3704
28
0
0
-1
3047
1
1
0
2
1691
1
177
0
2
178
1
178
0
-1
-1
1
1115
0
0
1116
1
1116
0
6
3049
1
1118
0
2
3256
1
1691
1
30
1115
1
2892
0
3
2893
1
2893
0
6
2894
1
2894
0
3
3434
1
2895
0
2
3503
1
2897
1
30
1118
1
3047
1
31
1
1
3049
1
31
2892
1
3256
1
31
177
1
3434
2
2
3
29
3047
31
6
30
4570
0
3
29
3049
31
6
30
4571
0
2
10
4
1
-0.0420704,0.2135,
-0.176328
-0.00266503,0.0550686,
-0.0398386
-0.216731,0.401569,
-0.352222
0.0275333,0.0641329,
-0.279075
-0.137057,0.0124444,
-0.324481
0.000740615,0.357421,
-0.447306
-0.0826238,0.0041358,
0.0686625
0.0927109,-0.0939669,
-0.221053
-0.262288,0.116669,
0.00725424
-0.0136909,0.0745937,
0.0225996
-0.0407547,-0.00907461,
-0.0541799,-0.0278657,-0.168543,0.0186553,-0.278731,-0.0263757,0.0526743,-0.0587815,0.00676787,-0.00967399,
-0.321196
-0.0809515,-0.0600223,
-0.485962,-0.125933,-0.467637,0.105849,-0.684448,0.0851622,-0.125819,-0.187457,-0.0721688,-0.0561526,
-0.648554
0.0173869,0.235247,
-0.091275,-0.0305667,-0.271429,-0.127725,0.0641751,0.0540268,-0.0456062,-0.213404,-0.170441,-0.0529045,
-0.412156
-0.0013919,-0.00109431,
-0.0629604,-0.0394456,-0.0463339,-0.0407524,-0.0665663,-0.04253,0.0149038,-0.0545657,-0.000870966,0.00607877,
-0.130498
-0.266682,0.392448,
0.174859,-0.0716211,-0.0461813,-0.0406556,-0.0737581,-0.215047,-0.11745,-0.163882,-0.473829,0.0124615,
-0.000639683,-0.0650892,-0.247288,-0.0546198,
-0.152875
0.0226461,-0.0272848,0.162227,0.00555465,-0.0330502,-0.163063,-0.052286,-0.0781473,-0.153288,0.0260741,
-0.209943,-0.71979,-0.176627,-0.13558,
0.0284058,
0.0276018
2895
3435
1
3435
0
3
3436
1
3436
0
2
3437
1
3437
1
30
3438
1
3438
1
31
3439
1
3439
0
5
3440
1
3440
1
30
3441
1
3441
1
31
3442
1
3442
0
4
3443
1
3443
0
6
1118
1
3503
1
31
3504
1
3504
0
1
2897
1
2
30
31
9166
5
0
0
-1
4570
1
6
0
-1
-1
1
4570
0
6
4571
1
4571
0
1
9058
1
9058
0
6
6
1
0
7055
6
0
0
-1
7
1
1
0
3
453
1
6
1
30
9
1
7
0
0
1
1
9
0
-1
-1
1
453
0
2
6
1
1
30
3440
20
0
0
-1
3410
1
10
0
-1
3419
1
2794
2
0
0
10
4
1

-0.240704

-0.00680868

-0.229199

-0.27752

0.60409

0.00888223

0.00704426

0.333724

-0.00564961

-0.314762

0.0176548,-0.0352107,0.00332859,0.00751432,-0.0335032,-0.0958274,-0.0472984,0.0130937,-0.0029155,-0.0334322,
-0.51133

0.26961,-0.0243903,0.246704,-0.0113333,-0.43734,-0.0945039,-0.0469954,-0.267865,-0.00648121,0.0603285,
-0.776063

0.0130284,-0.0494077,-0.00266011,0.00684654,-0.0513961,-0.125834,-0.0653238,0.00176879,-0.00561373,-0.0143494,
-0.540179

-0.0297609,-0.00607531,-0.0242634,-0.0218379,0.287354,0.00970337,0.0155642,0.177093,0.000977939,-0.104021,
0.594228

0.0242102,-0.082643,-0.0074636,-0.02585,-0.0385058,-0.226286,-0.113157,-0.00289696,-0.0266191,-0.0496283,
-0.0385857,-0.335772,-0.0336583,-0.111578,
-0.619678
-0.146752,-0.0159557,-0.143976,0.106789,0.0869265,-0.0306073,-0.0149407,0.195024,-0.00449472,-0.30853,
-0.168929,0.375137,-0.179305,0.289069,
-0.106954,
-0.362827
3411
2795
1
2795
0
1
2796
1
2796
0
3
10
1
3408
1
33
3412
1
3410
1
33
2794
1
3411
1
33
10
1
3412
0
-1
-1
1
3419
2
2
2
32
3411
33
1
0
1
32
2794
-1
2
10
4
1
-7.08879e-05,0.00287519,
-0.019733
0.00463482,0.0788944,
-0.112678
0.0154654,0.0142635,
-0.0411014
-0.00771233,0.102433,
-0.194521
-0.00166217,0.0362495,
-0.0564149
0.0212455,0.00773558,
-0.0182996
0.00563892,0.144939,
-0.127189
-0.053334,0.0246329,
-0.0563791
0.35032,0.084753,
-0.00129707
-0.00187917,0.0613,
-0.137688
0.199285,-0.0724128,
0.032531,0.116968,0.0313018,0.0292216,0.0211924,0.0213519,-0.161899,0.0526874,0.467866,0.0616489,
0.112898
0.00152497,-0.00194771,
-0.0459182,0.221278,-0.114911,-0.0834204,-0.059103,-0.0268561,0.3023,-0.246513,-0.356299,-0.312948,
0.0796609
0.214723,0.128854,
-0.0220782,0.0737472,-0.177732,-0.137266,-0.0845571,-0.0565478,0.233815,-0.159636,-0.710008,-0.23521,
-0.275788
0.238022,0.0859297,
-0.0280832,0.0699685,-0.0634038,-0.0383288,-0.0289615,-0.0166415,0.0567286,-0.079395,-0.10232,-0.103875,
-0.102707
0.19916,0.84869,
-0.0166967,-0.474519,0.105579,0.0327964,0.0593644,0.0251907,-0.82892,0.246871,-0.15473,0.271889,
0.00536223,0.0568435,1.0504,-0.384414,
-0.860638
-0.109783,0.145246,-0.330184,-0.290556,-0.163273,-0.103087,0.220211,-0.02443,-0.0281098,-0.584462,
0.0615791,-0.738452,-0.654575,-0.129406,
-0.0152894,
-0.0141085
3408
3420
1
3420
0
1
3421
1
3421
1
33
3422
1
3422
1
33
3423
1
3423
0
4
3424
1
3424
0
5
3425
1
3425
1
33
3426
1
3426
1
33
3427
1
3427
0
6
3428
1
3428
0
6
3429
1
3429
1
33
3412
1
1
33
49
6
0
0
-1
1
1
1
0
1
2
1
2
0
6
3
1
3
0
0
4
1
4
0
1
5
1
5
0
-1
-1
1
0
4144
21
0
0
-1
278
1
6
0
-1
-1
1
278
0
1
2895
1
338
2
1
1
34
278
0
1
10
4
1
-0.012122,
0.0262714
0.0345019,
0.0366787
-0.0184183,
0.0402774
-0.000199176,
-0.0042011
0.00160906,
0.03277
0.0199803,
0.0201261
-0.0152436,
0.0332903
0.0153969,
0.0132621
0.00253427,
5.47519e-05
0.0295325,
0.0273684
0.0365205,
-0.0235421,-0.00263582,-0.0401017,-0.0243493,-0.00677332,-0.000546616,-0.0322601,-0.00131268,0.00845604,0.00492329,
0.0920359
0.481015,
-0.0307732,-0.0169986,-0.0506332,-0.00494645,-0.0308252,0.00249793,-0.0472727,-0.00426033,0.00211711,-0.0159013,
-0.501638
0.00466763,
-0.0125832,0.00379961,-0.00256156,-0.00861901,-0.012491,0.00502135,-0.00210275,-0.00673958,0.00938741,0.00226989,
0.0175308
0.00583907,
0.00513462,0.00206352,-0.0131924,0.00235654,0.00975754,0.00707447,-0.00752341,0.00470623,-0.00609137,-0.00699194,
0.00687809
0.223377,
-0.0587448,0.0145241,-0.0925965,-0.0482649,-0.0087845,-0.000375623,-0.0761319,0.00745451,-0.00321194,0.000433132,
0.0288288,-0.0896854,0.0103892,-0.00466186,
1.43268
0.00170585,0.0247455,0.00280644,-0.00138113,0.000123081,0.0162393,0.00229954,0.0102906,0.00291047,0.0233535,
-0.000398116,-0.0464905,-0.00170606,0.00155764,
0.275631,
-0.367805
2356
339
1
339
0
5
960
1
340
0
0
2898
1
960
0
6
961
1
961
0
2
962
1
962
0
5
2896
1
963
0
0
340
1
1342
0
3
1343
1
1343
0
6
1344
1
1344
0
1
6
1
1762
0
5
1342
1
2356
0
3
2658
1
2658
0
0
2894
1
2894
1
38
3282
1
2895
1
38
338
1
2896
1
38
963
1
2898
1
38
1762
1
3282
0
2
1342
1
1
38
1835
25
0
0
-1
1759
1
2
0
2
1758
1
3
1
34
185
1
5
0
3
93
1
6
0
-1
-1
1
93
0
1
1760
1
94
0
6
6
1
185
2
2
2
35
3
34
1342
0
2
35
3
34
340
0
2
10
4
1
0.161847,-0.119104,
-0.203421
-0.193436,0.391432,
-0.387556
-0.0435561,0.0605678,
-0.0442633
0.345799,0.194946,
-0.395421
-0.0376264,-0.0355984,
-0.298908
-0.0653718,0.0973429,
-0.059453
0.00749467,0.107986,
-0.009071
-0.216168,0.456641,
-0.471114
-0.00157973,-0.346064,
-0.204704
0.145519,0.00973,
-0.169751
0.0101478,0.0545474,
-0.013331,0.000188154,-0.00615319,-0.00407178,0.000779549,-0.00914776,0.0056181,0.00664781,0.0027235,0.0145397,
-0.0709984
0.325735,0.202628,
-0.042019,-0.608259,-0.21658,-0.308949,-0.102265,-0.323523,-0.147294,-0.630328,-0.179501,-0.136677,
-0.359888
0.244934,-0.116046,
0.0194261,0.0551257,0.0214948,-0.0533093,0.00778958,0.0178438,-0.0490124,0.0699788,0.0772381,-0.0200215,
-0.210235
0.00948643,-0.0278631,
-0.0505715,-0.178445,0.00558444,0.011147,-0.0406537,-0.0104945,-0.0556712,-0.207926,-0.119011,-0.0140998,
0.116717
0.51196,-0.45032,
0.0619352,-0.0421715,-0.0589473,0.0347187,0.0214359,-0.103621,-0.0594191,0.0316769,-0.00515658,-0.0296497,
-0.00737822,0.365396,0.180656,-0.394703,
-0.322259
-0.0663555,-0.0117795,-0.00292233,0.0395494,-0.0103657,-0.00120936,-0.00165912,-0.012078,-0.0985809,-0.0575056,
-0.0476577,-0.419943,0.0995886,-0.137823,
0.0504323,
0.0315358
2
1065
1
758
2
2
2
35
3
34
6
0
1
35
0
0
2
10
4
1
-0.0913948,0.0285167,
0.0366238
-0.259939,0.223424,
0.283382
-0.0497283,-0.0888573,
0.0410029
-0.0149239,-0.105153,
-0.556088
-0.0241911,-0.115164,
-0.0872404
0.0658813,0.0188342,
-0.129412
-0.0025422,0.00678337,
-0.0019138
-0.0338133,-0.0441627,
0.0412973
0.00173222,0.0014969,
-0.320779
-0.131591,0.0370302,
0.221257
-0.291225,-0.0152401,
0.00345449,-0.102754,-0.0759976,0.198181,0.095415,0.00319767,-0.00392471,-0.0189635,0.127208,0.0327938,
-0.696368
-0.401236,0.356017,
0.0179244,0.0439199,0.034873,0.00554898,-0.0114222,0.0293779,0.00124979,-0.0688015,-0.0456439,0.0189292,
-0.240775
-0.17064,-0.203165,
0.00803827,-0.112831,-0.181325,0.478035,0.244793,-0.120105,-0.0162463,0.0388541,0.350707,-0.0310375,
-0.838232
-0.1568,0.145253,
-0.016227,-0.118274,0.00690811,-0.00647351,0.00972407,0.00327893,0.00047078,-0.062314,0.0461155,-0.170627,
0.324623
-0.299246,-0.0463607,
-0.0176052,-0.34469,-0.131558,-0.456254,-0.264788,-0.0502936,0.0102097,-0.122548,-0.361292,-0.462679,
-0.36396,-0.318964,-0.873861,0.00407302,
0.150155
-0.03116,0.272011,0.100364,0.150285,0.12648,0.202133,0.0111135,0.134257,0.064562,0.144001,
-0.164695,-0.0848419,-0.0510213,-0.167239,
-0.993474,
-0.191604
6
759
1
759
0
1
760
1
760
0
6
784
1
784
2
6
2
35
3
34
0
0
2
35
3
34
1343
0
2
35
3
34
963
0
2
35
3
34
338
-1
2
35
3
34
278
0
1
35
0
0
6
10
4
1
0.00553117,0.00776628,-0.00731801,0.0485822,-0.00100818,0.00488565,
-0.0919066
0.10302,0.226638,-0.0133826,0.0989998,0.0457768,0.12739,
0.071504
0.00067778,0.00464003,-0.00204425,0.0148744,-0.00193174,-0.00144978,
-0.0336864
-0.00709257,0.00096571,-0.0115696,-0.00133161,-0.000588017,-0.01467,
-0.0120894
0.00694916,0.0243613,-0.0108436,0.0990898,-0.00788586,0.016512,
-0.226359
0.0142611,0.0276794,-0.0189841,0.166024,-0.00384751,0.0163361,
-0.323137
0.00834786,0.0156731,-0.00759036,0.0610977,-0.00407016,0.0109396,
-0.154329
-0.00997909,0.0435252,-0.0965111,0.0250946,-0.0576368,-0.0254843,
-0.000225626
-0.00455316,0.0183625,-0.0104384,0.00767362,-0.00571368,-0.00219527,
-0.0676809
-0.0101426,0.0245618,-0.0188754,0.0023841,-0.0085835,-0.00384869,
-0.0812093
-0.286447,0.186368,-0.147852,-0.026596,0.0440799,-0.326847,
0.00475033,-0.0079843,-0.00272214,0.0103934,0.00215982,0.00759566,-0.00137952,0.00401192,-0.00394428,0.0104291,
0.000353287
-0.00128471,0.0284748,-0.0143298,0.0408388,-0.00268182,0.0106059,
-0.000835468,-0.0118129,-0.00685029,-0.00599733,-0.0286916,-0.0224899,-0.0169711,-0.000695111,-0.0150329,-0.0112101,
-0.147074
-0.0310226,0.0808589,0.0038202,0.0545257,-0.110482,-0.0222871,
-0.0107232,0.00548929,-0.0111038,-0.0070627,-0.016005,-0.00258795,0.00137431,0.0139549,-0.0112695,0.000296353,
-0.297252
0.000433517,0.029703,-0.0154539,0.0520546,-0.00589969,0.00768591,
-0.00467059,-0.0115137,-0.0195647,-0.0072918,-0.0398229,-0.0534922,-0.0139995,-0.003051,-0.0112164,-0.0100172,
-0.165924
0.0124165,0.0470684,-0.016278,0.183774,-0.0131236,0.00387394,
-0.00549963,-0.0135215,-0.0206053,0.00711104,-0.0504722,-0.0610666,-0.0131234,-0.0171802,-0.0294745,-0.0308698,
-0.354624,-0.0234098,-0.0207689,-0.0474552,
-0.386769
0.287396,0.0078836,0.0975618,-0.00537952,0.728485,1.03814,0.456963,-0.00295259,0.149015,0.164406,
0.0112801,0.100706,-0.00943636,0.111989,
0.0692522,
0.011979
6
785
1
785
0
1
786
1
786
1
34
787
1
787
0
0
6
1
1065
2
0
0
10
4
1

-0.0819529

-0.0386784

-0.121367

-0.17429

-0.0375562

-0.133155

-0.185196

-0.239823

-0.0490693

-0.11783

-0.0105058,-0.00575325,-0.0547304,-0.000635714,-0.0116813,-0.0109535,-0.0190153,-0.0136089,-0.01622,0.00486416,
-0.163121

-0.0143034,-0.0134054,-0.0429332,-0.0284832,0.0055145,-0.00855422,-0.0148818,-0.0379992,-0.0191444,-0.0226317,
-0.317055

0.00350333,-0.0096177,-0.0300798,0.00321217,-0.000689871,-0.00839698,0.00952638,0.00358295,-0.00457772,-0.00155065,
-0.241382

-0.012706,-0.00908568,0.00409536,-0.0138728,0.0100634,-0.0178206,-0.0162337,-0.035378,0.00144226,-0.0249212,
-0.0962873

-0.0150343,-0.0164255,-0.0281039,-0.0203624,-0.0117244,-0.000242438,-0.0087977,-0.04117,0.00221004,-0.0103721,
-0.00182919,0.0382258,-0.0383768,-0.0262144,
-0.745608
-0.00595747,-0.000701527,-0.00781858,-0.0173935,-0.000559624,-0.00473668,-0.0246381,-0.0659434,-0.00208309,-0.00956349,
-0.00387685,0.0111671,0.0050239,-0.0159074,
0.00347208,
0.00816513
758
1372
1
1372
1
34
1373
1
1373
0
2
6
1
1696
2
1
1
35
0
0
1
10
4
1
0.0604639,
-0.0145708
-0.000108394,
-0.00267247
0.0143569,
-0.00346816
-0.000850912,
-0.00687897
-0.00068114,
-0.0052235
-0.00133152,
-0.00220917
-0.00247984,
-0.00456902
-8.20131e-05,
-0.0114727
-0.00010889,
-0.0068011
0.0762996,
-0.0184336
-0.036061,
-0.0087468,0.00297713,-0.00442965,-0.00626463,-0.00295397,-0.00224543,-0.010981,-0.00830822,-0.00225561,0.00824757,
-0.0044821
-0.00805056,
0.00203973,-0.0089051,0.00559339,0.00320043,0.0070287,0.00789135,-0.00665789,0.000684593,-0.00306956,0.00307352,
-0.00283216
-0.01926,
-0.00829223,-0.0101586,-0.00836763,-0.00332962,-0.00641107,-0.00377652,-0.0100772,-0.00640662,-0.00880076,-0.00705652,
-0.00527723
-0.0396491,
-0.00357942,0.00371744,-0.000956507,0.000815512,-0.000448128,-0.0119324,-0.0100236,0.00546919,0.00678902,0.00452691,
-0.00573842
4.13279e-05,
-0.0110582,0.00682613,0.00538922,-0.00108321,-0.00868655,-0.00633316,0.00267535,-0.00551852,0.0071198,-0.00807064,
-0.0013974,-0.00135027,0.000542076,-0.00807066,
-0.109198
-0.0128473,0.000276537,-0.00305002,0.000166854,0.000137917,0.000399921,0.000737655,0.000944006,0.000731631,-0.0162141,
0.0105539,0.00232915,0.00559646,0.0115917,
0.000253813,
-0.00898257
1757
1697
1
1697
0
2
1698
1
1698
0
3
185
1
1757
1
40
3
1
1758
1
40
5
1
1759
1
40
1696
1
1760
1
40
94
1
2
34
40
2221
4
0
0
-1
3
1
3
1
35
1808
1
1583
0
-1
-1
1
1808
1
35
1583
1
2
34
35
1012
8
0
0
-1
1000
1
944
1
41
947
1
947
0
-1
-1
1
971
0
0
998
1
977
1
35
1001
1
998
1
48
977
1
1000
1
48
971
1
1001
1
48
944
1
6
34
35
36
39
41
48
11856
6
0
0
-1
8422
1
6
0
6
857
1
758
0
-1
-1
1
857
0
1
758
1
8422
0
6
11559
1
11559
0
3
6
1
0
261
17
0
0
-1
4
1
1
0
0
172
1
2
1
36
7
1
3
0
-1
1
1
4
1
36
5
1
5
0
2
115
1
7
0
-1
8
1
8
0
-1
-1
1
115
0
2
3
1
172
2
1
1
39
3
0
1
10
4
1
0.0420176,
0.64668
0.00875422,
0.0162743
0.626078,
-1.22919
0.0175886,
0.0210723
0.230717,
-0.149175
0.0361056,
0.586412
0.102443,
-0.317528
0.0429506,
-0.0199218
0.0342015,
0.283524
0.00622941,
0.055117
0.913833,
-0.303233,-0.0334827,-0.585176,-0.0944439,0.149667,-0.278991,-0.082679,0.00903821,-0.267835,-0.0858097,
-0.495187
0.120203,
0.0880881,0.000204284,0.117635,-0.0310723,-0.0906367,0.0850553,-0.0944836,-0.0269038,0.0299926,0.0297624,
0.0635998
-0.0656275,
-0.0589752,0.00676276,0.0103316,-0.0108636,0.00298205,-0.0423658,-0.0126655,0.00930012,-0.0188537,-0.0269733,
-0.625718
0.422514,
-0.165763,-0.0224497,-0.288272,-0.0266687,0.0561921,-0.163647,-0.0171395,0.00151409,-0.153525,-0.0372097,
-0.18164
0.0909937,
0.256209,0.00280266,0.241635,-0.0247479,-0.54475,0.211009,-0.0452455,-0.0730797,0.216004,0.0783697,
-1.01988,0.0735136,-0.114067,-0.420302,
0.54166
-0.0756406,0.016833,0.0987376,0.0435002,0.120044,-0.0583705,-0.176981,0.00740106,0.0126188,-0.00967936,
-0.144215,0.115674,0.0223248,-0.0627112,
0.0778585,
-0.0224111
2
173
1
173
1
34
174
1
174
1
35
175
1
175
0
3
176
1
176
0
0
177
1
177
1
36
178
1
178
1
36
179
1
179
0
3
8
1
3
34
35
36
628
10
0
0
-1
3
1
1
2
2
2
40
5
34
6
0
1
40
3
0
2
10
4
1
-0.0913948,0.0285167,
0.0366238
-0.259939,0.223424,
0.283382
-0.0497283,-0.0888573,
0.0410029
-0.0149239,-0.105153,
-0.556088
-0.0241911,-0.115164,
-0.0872404
0.0658813,0.0188342,
-0.129412
-0.0025422,0.00678337,
-0.0019138
-0.0338133,-0.0441627,
0.0412973
0.00173222,0.0014969,
-0.320779
-0.131591,0.0370302,
0.221257
-0.291225,-0.0152401,
0.00345449,-0.102754,-0.0759976,0.198181,0.095415,0.00319767,-0.00392471,-0.0189635,0.127208,0.0327938,
-0.696368
-0.401236,0.356017,
0.0179244,0.0439199,0.034873,0.00554898,-0.0114222,0.0293779,0.00124979,-0.0688015,-0.0456439,0.0189292,
-0.240775
-0.17064,-0.203165,
0.00803827,-0.112831,-0.181325,0.478035,0.244793,-0.120105,-0.0162463,0.0388541,0.350707,-0.0310375,
-0.838232
-0.1568,0.145253,
-0.016227,-0.118274,0.00690811,-0.00647351,0.00972407,0.00327893,0.00047078,-0.062314,0.0461155,-0.170627,
0.324623
-0.299246,-0.0463607,
-0.0176052,-0.34469,-0.131558,-0.456254,-0.264788,-0.0502936,0.0102097,-0.122548,-0.361292,-0.462679,
-0.36396,-0.318964,-0.873861,0.00407302,
0.150155
-0.03116,0.272011,0.100364,0.150285,0.12648,0.202133,0.0111135,0.134257,0.064562,0.144001,
-0.164695,-0.0848419,-0.0510213,-0.167239,
-0.993474,
-0.191604
9
2
1
2
0
1
9
1
3
0
-1
8
1
4
0
2
9
1
5
1
34
6
1
6
2
2
2
40
5
34
1342
0
2
40
5
34
340
0
2
10
4
1
0.161847,-0.119104,
-0.203421
-0.193436,0.391432,
-0.387556
-0.0435561,0.0605678,
-0.0442633
0.345799,0.194946,
-0.395421
-0.0376264,-0.0355984,
-0.298908
-0.0653718,0.0973429,
-0.059453
0.00749467,0.107986,
-0.009071
-0.216168,0.456641,
-0.471114
-0.00157973,-0.346064,
-0.204704
0.145519,0.00973,
-0.169751
0.0101478,0.0545474,
-0.013331,0.000188154,-0.00615319,-0.00407178,0.000779549,-0.00914776,0.0056181,0.00664781,0.0027235,0.0145397,
-0.0709984
0.325735,0.202628,
-0.042019,-0.608259,-0.21658,-0.308949,-0.102265,-0.323523,-0.147294,-0.630328,-0.179501,-0.136677,
-0.359888
0.244934,-0.116046,
0.0194261,0.0551257,0.0214948,-0.0533093,0.00778958,0.0178438,-0.0490124,0.0699788,0.0772381,-0.0200215,
-0.210235
0.00948643,-0.0278631,
-0.0505715,-0.178445,0.00558444,0.011147,-0.0406537,-0.0104945,-0.0556712,-0.207926,-0.119011,-0.0140998,
0.116717
0.51196,-0.45032,
0.0619352,-0.0421715,-0.0589473,0.0347187,0.0214359,-0.103621,-0.0594191,0.0316769,-0.00515658,-0.0296497,
-0.00737822,0.365396,0.180656,-0.394703,
-0.322259
-0.0663555,-0.0117795,-0.00292233,0.0395494,-0.0103657,-0.00120936,-0.00165912,-0.012078,-0.0985809,-0.0575056,
-0.0476577,-0.419943,0.0995886,-0.137823,
0.0504323,
0.0315358
4
7
1
7
2
0
0
10
4
1

-0.0819529

-0.0386784

-0.121367

-0.17429

-0.0375562

-0.133155

-0.185196

-0.239823

-0.0490693

-0.11783

-0.0105058,-0.00575325,-0.0547304,-0.000635714,-0.0116813,-0.0109535,-0.0190153,-0.0136089,-0.01622,0.00486416,
-0.163121

-0.0143034,-0.0134054,-0.0429332,-0.0284832,0.0055145,-0.00855422,-0.0148818,-0.0379992,-0.0191444,-0.0226317,
-0.317055

0.00350333,-0.0096177,-0.0300798,0.00321217,-0.000689871,-0.00839698,0.00952638,0.00358295,-0.00457772,-0.00155065,
-0.241382

-0.012706,-0.00908568,0.00409536,-0.0138728,0.0100634,-0.0178206,-0.0162337,-0.035378,0.00144226,-0.0249212,
-0.0962873

-0.0150343,-0.0164255,-0.0281039,-0.0203624,-0.0117244,-0.000242438,-0.0087977,-0.04117,0.00221004,-0.0103721,
-0.00182919,0.0382258,-0.0383768,-0.0262144,
-0.745608
-0.00595747,-0.000701527,-0.00781858,-0.0173935,-0.000559624,-0.00473668,-0.0246381,-0.0659434,-0.00208309,-0.00956349,
-0.00387685,0.0111671,0.0050239,-0.0159074,
0.00347208,
0.00816513
1
9
1
8
2
1
1
40
3
0
1
10
4
1
0.0604639,
-0.0145708
-0.000108394,
-0.00267247
0.0143569,
-0.00346816
-0.000850912,
-0.00687897
-0.00068114,
-0.0052235
-0.00133152,
-0.00220917
-0.00247984,
-0.00456902
-8.20131e-05,
-0.0114727
-0.00010889,
-0.0068011
0.0762996,
-0.0184336
-0.036061,
-0.0087468,0.00297713,-0.00442965,-0.00626463,-0.00295397,-0.00224543,-0.010981,-0.00830822,-0.00225561,0.00824757,
-0.0044821
-0.00805056,
0.00203973,-0.0089051,0.00559339,0.00320043,0.0070287,0.00789135,-0.00665789,0.000684593,-0.00306956,0.00307352,
-0.00283216
-0.01926,
-0.00829223,-0.0101586,-0.00836763,-0.00332962,-0.00641107,-0.00377652,-0.0100772,-0.00640662,-0.00880076,-0.00705652,
-0.00527723
-0.0396491,
-0.00357942,0.00371744,-0.000956507,0.000815512,-0.000448128,-0.0119324,-0.0100236,0.00546919,0.00678902,0.00452691,
-0.00573842
4.13279e-05,
-0.0110582,0.00682613,0.00538922,-0.00108321,-0.00868655,-0.00633316,0.00267535,-0.00551852,0.0071198,-0.00807064,
-0.0013974,-0.00135027,0.000542076,-0.00807066,
-0.109198
-0.0128473,0.000276537,-0.00305002,0.000166854,0.000137917,0.000399921,0.000737655,0.000944006,0.000731631,-0.0162141,
0.0105539,0.00232915,0.00559646,0.0115917,
0.000253813,
-0.00898257
5
9
1
9
0
-1
-1
1
1
34
12
12
0
0
-1
5
1
1
0
-1
7
1
2
1
36
3
1
3
0
2
4
1
4
1
36
10
1
5
2
0
0
10
4
1

0.00961346

-0.343395

-0.0921397

0.00687091

-0.339061

-0.115527

-0.635975

-0.0227013

-0.210447

-0.368344

-0.0134523,-0.0463292,-0.00455821,-0.0129607,0.0057939,-0.0214713,0.00129236,-0.00331465,-0.00832974,0.0052637,
0.0999891

0.0291157,0.0362828,-0.000223002,0.0146433,-0.0197371,0.00812274,-0.0731204,-0.00273134,-0.00191021,-0.0466339,
-0.208115

-0.0569931,0.207859,0.0538474,-0.0447968,0.0790582,0.0709378,0.0339277,-0.00825113,0.0522865,0.0189623,
-0.619562

-0.00382846,-0.0206701,0.00100693,-0.00564193,-0.0134485,-0.00349006,-0.010649,-0.00595136,-0.00519585,0.00649305,
0.0883945

-0.0435329,-0.154132,-0.0543645,-0.0482871,-0.21146,-0.05933,-0.239632,0.00167792,-0.135658,-0.127554,
-0.0287409,-0.038192,-0.332532,-0.0621327,
-0.29112
0.0591826,-0.157186,-0.0413797,0.0496396,0.0764909,-0.0533567,0.154251,0.0097843,0.0465627,0.0915709,
0.0307953,-0.0601669,0.111702,0.013655,
-0.216773,
0.00645031
2
9
1
6
0
1
11
1
7
0
0
8
1
8
1
36
11
1
9
1
39
6
1
10
1
39
1
1
11
0
-1
-1
1
4
34
35
36
39
1801
16
0
0
-1
1756
1
2
0
2
461
1
6
0
-1
768
1
51
1
23
6
1
372
0
-1
-1
1
461
0
3
841
1
768
0
0
1012
1
841
0
3
842
1
842
0
2
1757
1
1012
1
43
1219
1
1219
0
1
372
1
1551
0
2
1758
1
1552
0
0
51
1
1756
1
47
2
1
1757
1
47
1551
1
1758
1
47
1552
1
43
1
2
3
4
5
6
7
8
9
10
11
12
13
14
15
16
17
18
19
20
21
22
23
24
25
26
27
28
29
30
31
32
33
34
35
36
37
38
39
40
41
43
47
1219
19
0
0
-1
6
1
2
0
-1
352
1
3
1
29
2
1
4
1
32
474
1
6
0
0
4
1
7
0
-1
-1
1
352
0
3
926
1
474
0
6
475
1
475
0
1
529
1
529
0
1
530
1
530
0
3
531
1
531
0
1
532
1
532
0
0
3
1
926
0
1
927
1
927
0
4
928
1
928
0
2
929
1
929
0
2
1074
1
930
0
3
7
1
1074
0
3
930
1
41
1
2
3
4
5
6
7
8
9
10
11
12
13
14
15
16
17
18
19
20
21
22
23
24
25
26
27
28
29
30
31
32
33
34
35
36
37
38
39
40
41
259
14
0
0
-1
7
1
1
1
10
3
1
3
1
9
4
1
4
0
6
5
1
5
1
35
207
1
6
1
35
31
1
7
0
6
166
1
8
0
-1
206
1
31
1
37
8
1
166
1
7
208
1
206
1
45
209
1
207
1
45
6
1
208
1
45
1
1
209
0
-1
-1
1
43
1
2
3
4
5
6
7
8
9
10
11
12
13
14
15
16
17
18
19
20
21
22
23
24
25
26
27
28
29
30
31
32
33
34
35
36
37
38
39
40
41
42
45
561
10
0
0
-1
1
1
1
1
10
92
1
9
0
-1
159
1
92
1
46
9
1
159
2
0
0
10
4
1

-0.00318288

-0.0212019

-0.00770819

-0.0410886

-0.00230381

-0.026694

-0.00481438

-0.114922

-0.00360086

-0.00499406

-0.0222856,-0.0753187,-0.038702,-0.183681,-0.00483057,-0.0143823,0.186456,-0.0123679,0.02544,-0.0267269,
-0.00811536

-0.00317994,-0.104187,-0.00304765,-0.148161,-0.00126962,-0.069166,0.07494,-0.0178385,0.0252089,-0.0315903,
-0.00740573

-0.00429809,0.0115414,-0.00494302,-0.0233539,0.00522933,0.00152245,-0.0356844,-0.0186798,-0.00770703,0.00449072,
-0.00341106

-0.00841537,-0.0277643,-0.00676725,-0.0611562,0.00321555,-0.0350517,-0.00458916,0.00483811,-0.00759774,-0.00387635,
-0.00446823

-0.142314,0.0128804,0.0310305,0.155355,-0.0601501,-0.0950106,0.0259258,-0.0397323,-0.223026,-0.100912,
0.1171,-0.0999523,-0.241999,-0.0496156,
-0.274961
-0.00161437,0.00650472,0.00255586,0.015079,-1.73254e-05,0.00891887,0.000530029,-0.00946247,-0.000192261,0.000164598,
0.0122147,0.00979991,0.00016176,0.00338002,
-0.150894,
0.0216681
162
160
1
160
0
5
161
1
161
0
0
162
1
162
0
-1
491
1
491
1
14
492
1
492
0
-1
-1
1
43
1
2
3
4
5
6
7
8
9
10
11
12
13
14
15
16
17
18
19
20
21
22
23
24
25
26
27
28
29
30
31
32
33
34
35
36
37
38
39
40
41
42
46
504
7
0
0
-1
503
1
2
1
3
8
1
5
1
37
501
1
8
0
-1
9
1
9
0
-1
-1
1
501
1
49
2
1
503
1
49
5
1
43
1
2
3
4
5
6
7
8
9
10
11
12
13
14
15
16
17
18
19
20
21
22
23
24
25
26
27
28
29
30
31
32
33
34
35
36
37
38
39
40
41
42
49
69
11
0
0
-1
1
1
1
0
-1
2
1
2
0
2
5
1
3
0
-1
10
1
4
1
23
3
1
5
0
3
6
1
6
0
3
7
1
7
0
2
8
1
8
0
2
9
1
9
0
0
4
1
10
0
-1
-1
1
42
1
2
3
4
5
6
7
8
9
10
11
12
13
14
15
16
17
18
19
20
21
22
23
24
25
26
27
28
29
30
31
32
33
34
35
36
37
38
39
40
41
43
9
7
0
0
-1
3
1
1
1
41
2
1
2
0
-1
6
1
3
0
2
4
1
4
1
34
5
1
5
1
35
1
1
6
0
-1
-1
1
5
34
35
36
39
41
32
10
0
0
-1
2
1
1
0
3
9
1
2
0
-1
4
1
3
1
3
9
1
4
1
35
5
1
5
1
35
8
1
6
1
37
7
1
7
0
-1
3
1
8
2
0
0
10
4
1

-0.0162813

-0.0248708

-0.128616

-0.037099

-0.420115

-0.0229071

-0.0471873

-0.0313647

-0.0410935

-0.0721559

-0.228503,-0.000423434,-0.141669,-0.0542624,-0.135618,-0.0230683,-0.0801274,-0.0641737,-0.0140584,-0.0535364,
-0.286962

0.0943325,0.00375329,0.0354759,0.0200422,0.180855,0.00267738,0.0186389,0.0151995,0.0143605,0.0958904,
-0.0346473

-0.283134,-0.0151014,-0.185028,-0.0975891,-0.11486,-0.0256968,-0.0323049,-0.124764,-0.0126194,-0.0986823,
-0.374391

-0.158687,-0.00993217,-0.0699429,-0.0115919,0.179235,-0.00320406,-0.0158305,-0.0487182,-0.00576957,0.0268453,
-0.577617

-0.376286,-0.00825874,-0.181602,-0.0779854,0.682231,0.0694655,-0.0479068,-0.120168,-0.0036709,-0.0391507,
-0.0729443,-0.017266,0.0506057,-0.698343,
-0.725801
-0.0895805,0.033822,0.133912,0.0319508,0.561801,-0.0154011,-0.223961,0.00361025,0.12524,0.140998,
-0.211721,0.0480245,-0.0593282,-0.203623,
-0.360056,
0.000771373
6
1
1
9
0
-1
-1
1
42
1
2
3
4
5
6
7
8
9
10
11
12
13
14
15
16
17
18
19
20
21
22
23
24
25
26
27
28
29
30
31
32
33
34
35
36
37
38
39
40
41
42
68
