58
3.2693
3.66343
3.72861
56
0.000134218
87
1863
8
0
0
-1
1748
1
0
404
1
77
405
1
0
405
1
24
1199
1
0
427
0
-1
-1
1
0
1199
1
80
427
1
0
1748
1
26
1749
1
0
1749
1
79
1842
1
0
1842
1
83
404
1
0
3
79
80
83
78
1
2
3
4
5
6
7
8
9
10
11
12
13
14
15
16
17
18
19
20
21
22
23
24
25
26
27
28
29
30
31
32
33
34
35
36
37
38
39
40
41
42
43
44
45
46
47
48
49
50
51
52
53
54
55
56
57
58
59
60
61
62
63
64
65
66
67
68
69
70
71
72
73
74
75
76
77
78
4809
2
0
0
-1
8
1
0
8
0
-1
-1
1
0
0
0
348
12
0
0
-1
3
1
0
3
0
1
4
1
0
4
0
3
6
1
0
6
2
2
1
2
3
0
1
2
4
0
2
10
4
1
-0.00631014,-0.00762699,
-0.00124292
-0.00548115,-0.00412626,
-0.00107213
-0.696189,0.176914,
0.279707
0.0945957,-0.249271,
-0.0526544
-0.00970316,-0.00111683,
-0.00530148
0.818073,-0.926143,
0.19541
-0.00789563,-0.00781577,
5.45587e-05
-0.00591152,-0.00902226,
-0.00162666
0.13414,-0.828605,
0.381696
0.78923,-0.635688,
0.330284
0.529315,-0.516635,
0.00586533,0.00815314,0.0704314,0.0315239,0.00108519,0.310704,-0.0105069,0.00169642,-0.086017,0.209158,
0.450889
0.0559997,-0.504321,
0.00226892,0.00653962,0.124589,-0.111426,0.000785339,0.513425,0.00315531,-0.00132391,-0.172564,0.393568,
0.610319
-0.00730557,-0.00266288,
-0.00610196,0.00409275,-0.00789497,-0.00691366,0.00227129,-0.00182358,0.008268,-0.00886666,-0.00195629,-0.00993042,
-0.00180105
-0.00432339,-0.00739342,
-0.00599002,0.00505971,-0.00824548,0.00289152,-0.00544876,0.000610214,-0.00380758,-0.00823896,-0.00676739,-0.00172767,
-0.00518844
0.651738,-0.994271,
-0.00423065,0.00904131,-0.00954809,0.0529005,0.000826737,-0.469212,0.0021658,0.0057908,0.0565664,-0.13332,
-0.302262,-0.10002,0.00389058,0.000943348,
0.188601
0.00867508,-0.00780092,-0.569572,-0.145793,-0.00243195,0.281508,0.00826975,-0.00198615,-0.508343,-0.411401,
-0.285326,0.447501,0.0021338,-0.00343692,
-0.6527,
0.248535
7
10
1
0
7
0
6
320
1
0
10
0
-1
-1
1
0
320
0
6
321
1
0
321
1
1
322
1
0
322
1
1
323
1
0
323
0
1
324
1
0
324
1
1
325
1
0
325
0
6
10
1
0
1
1
0
57
7
0
0
-1
1
1
0
1
1
1
5
1
0
2
0
-1
6
1
0
3
0
2
2
1
0
4
1
1
3
1
0
5
0
3
4
1
0
6
0
-1
-1
1
0
1
1
0
22188
8
0
0
-1
281
1
0
281
0
1
4082
1
0
4082
0
0
4083
1
0
4083
0
6
5341
1
0
5341
0
2
15538
1
0
15538
0
2
22129
1
0
15541
0
-1
-1
1
0
22129
0
0
15541
1
0
0
0
1816
16
0
0
-1
3
1
0
1
0
6
988
1
0
3
0
3
1
1
0
4
0
-1
-1
1
0
481
2
1
1
5
3
0
1
10
4
1
0.0495495,
-0.00799103
-0.0719719,
-0.273255
0.0931386,
0.0129729
-0.0616011,
-0.229373
0.076879,
0.0222749
0.0717469,
0.00953149
0.537885,
-0.273015
0.0077427,
-0.0427972
-0.0215531,
-0.177167
-0.00942993,
-0.0138177
-0.234505,
0.0052672,-0.136766,0.00435088,-0.117127,0.00794335,-0.00843684,-0.467446,-0.384562,-0.242754,0.00430509,
-0.211757
-0.186592,
-0.037057,-0.0296042,-0.0955349,-0.02897,-0.0819652,-0.0716755,-0.112227,-0.101366,-0.0835771,-0.0739675,
-0.134073
-0.0244888,
0.0282741,0.0419918,0.0395143,0.0367157,0.0245979,0.0390088,0.0467568,-0.00802136,-0.00405763,0.011063,
0.0150513
-0.0300914,
-0.0244029,-0.0243009,-0.027433,-0.0150837,-0.0206408,-0.0134172,-0.0416828,-0.041543,-0.0424733,-0.0231175,
-0.0456586
0.170962,
-0.0497148,-0.374868,-0.10359,-0.343847,-0.0906449,-0.065527,-0.314645,-0.355343,-0.226337,-0.0729346,
-0.455326,-0.2221,-0.101223,-0.0573565,
-0.148761
-0.00881254,-0.0162087,-0.0151906,-0.0138427,-0.0122809,-0.0121217,-0.0238473,-0.00246188,-0.0359858,0.000157557,
-0.325724,0.0851579,-0.0462531,-0.00991594,
-0.0781907,
0.134805
4
482
1
0
482
0
5
483
1
0
483
0
2
880
1
0
485
0
2
486
1
0
486
1
4
616
1
0
616
0
3
784
1
0
784
0
6
4
1
0
880
2
3
1
5
482
0
1
5
0
0
1
5
483
0
3
10
4
1
0.00101065,0.00264081,0.0965134,
-0.0964188
-0.00370282,-0.0252951,-0.00812831,
-0.0343716
-0.0834526,0.0293301,-0.0428263,
0.0977961
-0.020255,-0.0371812,-0.00887409,
-0.0482811
0.249281,-0.0962875,0.334198,
-0.884612
-0.00535545,-0.0404278,-0.0109479,
-0.0361424
-0.014796,-0.0373713,-0.00962276,
-0.0661489
-0.022951,-0.0335598,-0.0107749,
-0.0772148
-0.287821,0.0539005,0.421412,
-0.198712
-0.017945,-0.0117123,-0.0034275,
-0.0188635
-0.0621235,0.000682688,0.021897,
0.00828618,-0.000137558,-0.00308199,0.00236703,-0.0103407,0.00936386,-0.00250976,0.00449967,-0.0109676,-0.00121595,
-0.0381995
0.00849249,-0.0694646,0.00730349,
0.000932693,0.00883325,-0.00341046,-0.0010917,-0.335989,0.009842,0.000848565,-0.0132079,-0.00508602,-0.00643319,
-0.162901
-0.0645915,0.0524697,0.280606,
0.00660869,-0.0039592,-0.0303298,-0.00881429,-1.03572,-0.00308926,0.00148061,-0.0516314,0.0574246,0.0042634,
-0.35198
-0.602837,0.111505,0.350417,
0.0476158,-0.00170016,-0.0211051,-0.00379653,-0.112358,0.000363165,-0.000455914,-0.00681441,0.162314,0.00388193,
-0.289797
-0.00564729,-0.0586303,-0.0374821,
-0.0152546,0.00202538,-0.0944873,0.000963657,-0.173288,-0.00225795,0.0119484,0.0245874,-0.0580822,-0.00277165,
-0.0350911,-0.00687369,-0.041954,-0.0170533,
-0.429638
-0.00877373,-0.0157809,-0.0655008,-0.0217715,0.0208427,-0.0182336,-0.0287987,-0.0315018,-0.10454,-0.00742855,
0.016867,-0.0723979,-0.178883,0.171769,
-0.0420553,
0.0136542
1534
881
1
0
881
0
0
485
1
0
988
0
3
989
1
0
989
1
4
481
1
0
1534
0
5
4
1
0
1
4
0
1266
32
0
0
-1
1
1
0
1
0
6
3
1
0
2
0
0
5
1
0
3
1
4
228
1
0
4
0
-1
256
1
0
5
1
5
4
1
0
8
0
-1
267
1
0
228
2
1
2
6
3
4
5341
0
1
10
4
1
-0.00929281,
-0.397013
0.0824926,
0.126795
0.00862149,
-0.203514
0.191244,
-0.206757
0.0101475,
-0.701029
0.194814,
-0.469662
0.020714,
-0.45559
0.0542548,
-0.131348
0.0198975,
-0.413403
-0.00224131,
-0.0653645
-0.0170685,
-0.0536544,-0.111316,-0.054405,-0.107215,-0.122497,0.0376527,-0.0278192,-0.0206202,-0.0605187,-0.0177693,
0.270146
0.0403691,
-0.0192569,-0.0579165,0.00796876,-0.0895064,-0.0159129,-0.0186945,-0.0164198,-0.0244732,-0.0129671,0.0118567,
-0.0314017
0.00747948,
-0.0276654,-0.0551325,-0.0330304,-0.040768,-0.0491301,0.0106084,-0.0402924,-0.00806046,-0.0249368,-0.0181839,
-0.0279699
0.0328704,
-0.0319095,0.0586076,0.0186549,-0.189617,-0.108051,-0.114209,-0.0413439,-0.0676517,-0.152951,-0.0108258,
0.101077
0.0398867,
0.0223617,-0.284531,-0.089587,-0.255484,0.299473,-0.0738255,-0.168713,-0.0589595,0.202518,-0.0612869,
-0.290765,0.00327147,-0.128049,0.403508,
-0.317686
-4.32883e-05,0.023744,-0.0320303,-0.134567,-0.0594443,0.126279,-0.0735563,0.0373613,-0.0404078,0.00958911,
0.0218958,-0.00585371,0.022317,-0.0142322,
0.114163,
0.011994
617
229
1
0
229
0
3
544
1
0
255
1
7
268
1
0
256
1
7
8
1
0
258
0
-1
433
1
0
267
1
8
258
1
0
268
1
8
434
1
0
269
0
-1
542
1
0
433
1
10
269
1
0
434
1
10
543
1
0
435
1
10
436
1
0
436
0
-1
-1
1
0
542
1
13
435
1
0
543
1
13
435
1
0
544
1
13
255
1
0
617
0
4
618
1
0
618
0
3
1221
1
0
619
0
3
620
1
0
620
0
6
621
1
0
621
0
2
622
1
0
622
0
3
623
1
0
623
0
4
624
1
0
624
0
1
2
1
0
1221
2
0
0
10
4
1

-0.00198223

-0.338404

-0.599052

-0.00166582

-0.0510301

-0.202977

-0.00448331

-0.277034

-0.00271418

-0.00316538

-0.0731943,-0.0494879,-0.0130193,-0.0250375,-0.194354,-0.00724388,-0.0225746,-0.0189406,-0.0109922,-0.0354618,
-0.116742

-0.112689,0.0052681,-0.0257202,-0.0634718,-0.0695822,-0.0142927,-0.078754,-0.0276512,-0.0733949,-0.0604299,
-0.34013

-0.146636,-0.0314402,-0.193237,-0.0763713,-0.0808286,-0.0952474,-0.0854765,-0.088708,-0.0684755,-0.101826,
-0.171082

-0.0479528,-0.0597721,-0.0482309,-0.00693722,-0.174718,-0.0305458,-0.0400005,-0.0415992,-0.0025406,-0.034473,
-0.132452

-0.119128,-0.0106242,-0.0492442,0.00984848,-0.0556525,-0.0750882,-0.0461348,-0.0638497,-0.0318089,-0.0133199,
-0.0537063,0.00277498,-0.0370012,-0.0504912,
-0.00103609
-0.00392501,-0.0429816,0.113908,-0.00476203,-0.000358896,0.0355793,-0.0092557,0.0488393,-0.00593039,-0.00670986,
0.00108976,-0.00503346,-0.00239639,0.00671554,
0,
0.00148269
619
1232
1
0
1232
0
6
433
1
0
6
4
5
7
8
10
13
0
930
11
0
0
-1
2
1
0
1
0
0
4
1
0
2
1
4
11
1
0
4
1
5
8
1
0
5
0
0
6
1
0
6
0
3
8
1
0
8
0
2
916
1
0
9
0
3
5
1
0
11
2
1
2
7
2
4
5341
0
1
10
4
1
-0.00929281,
-0.397013
0.0824926,
0.126795
0.00862149,
-0.203514
0.191244,
-0.206757
0.0101475,
-0.701029
0.194814,
-0.469662
0.020714,
-0.45559
0.0542548,
-0.131348
0.0198975,
-0.413403
-0.00224131,
-0.0653645
-0.0170685,
-0.0536544,-0.111316,-0.054405,-0.107215,-0.122497,0.0376527,-0.0278192,-0.0206202,-0.0605187,-0.0177693,
0.270146
0.0403691,
-0.0192569,-0.0579165,0.00796876,-0.0895064,-0.0159129,-0.0186945,-0.0164198,-0.0244732,-0.0129671,0.0118567,
-0.0314017
0.00747948,
-0.0276654,-0.0551325,-0.0330304,-0.040768,-0.0491301,0.0106084,-0.0402924,-0.00806046,-0.0249368,-0.0181839,
-0.0279699
0.0328704,
-0.0319095,0.0586076,0.0186549,-0.189617,-0.108051,-0.114209,-0.0413439,-0.0676517,-0.152951,-0.0108258,
0.101077
0.0398867,
0.0223617,-0.284531,-0.089587,-0.255484,0.299473,-0.0738255,-0.168713,-0.0589595,0.202518,-0.0612869,
-0.290765,0.00327147,-0.128049,0.403508,
-0.317686
-4.32883e-05,0.023744,-0.0320303,-0.134567,-0.0594443,0.126279,-0.0735563,0.0373613,-0.0404078,0.00958911,
0.0218958,-0.00585371,0.022317,-0.0142322,
0.114163,
0.011994
1
9
1
0
12
0
-1
-1
1
0
916
0
6
12
1
0
2
4
5
0
356
13
0
0
-1
10
1
0
2
1
4
6
1
0
3
1
5
8
1
0
4
0
0
3
1
0
5
0
-1
9
1
0
6
2
1
2
8
2
4
5341
0
1
10
4
1
-0.00929281,
-0.397013
0.0824926,
0.126795
0.00862149,
-0.203514
0.191244,
-0.206757
0.0101475,
-0.701029
0.194814,
-0.469662
0.020714,
-0.45559
0.0542548,
-0.131348
0.0198975,
-0.413403
-0.00224131,
-0.0653645
-0.0170685,
-0.0536544,-0.111316,-0.054405,-0.107215,-0.122497,0.0376527,-0.0278192,-0.0206202,-0.0605187,-0.0177693,
0.270146
0.0403691,
-0.0192569,-0.0579165,0.00796876,-0.0895064,-0.0159129,-0.0186945,-0.0164198,-0.0244732,-0.0129671,0.0118567,
-0.0314017
0.00747948,
-0.0276654,-0.0551325,-0.0330304,-0.040768,-0.0491301,0.0106084,-0.0402924,-0.00806046,-0.0249368,-0.0181839,
-0.0279699
0.0328704,
-0.0319095,0.0586076,0.0186549,-0.189617,-0.108051,-0.114209,-0.0413439,-0.0676517,-0.152951,-0.0108258,
0.101077
0.0398867,
0.0223617,-0.284531,-0.089587,-0.255484,0.299473,-0.0738255,-0.168713,-0.0589595,0.202518,-0.0612869,
-0.290765,0.00327147,-0.128049,0.403508,
-0.317686
-4.32883e-05,0.023744,-0.0320303,-0.134567,-0.0594443,0.126279,-0.0735563,0.0373613,-0.0404078,0.00958911,
0.0218958,-0.00585371,0.022317,-0.0142322,
0.114163,
0.011994
4
9
1
0
8
1
7
5
1
0
9
0
-1
-1
1
0
10
2
1
1
8
0
0
1
10
4
1
-0.0121976,
-0.0353802
-0.0732208,
-0.211724
-0.0131084,
-0.0378983
0.102468,
-0.0661672
-0.09855,
-0.285251
-0.0489716,
-0.141512
-0.0853692,
-0.247104
0.00252578,
0.0070203
0,
-0.000575076
-0.0138545,
-0.0400073
0.338432,
0.00530513,0.00290808,-0.00117878,0.00437158,-0.00503804,0.000380143,0.0047316,-0.00929185,0.00598005,0.00959962,
-0.215717
0.131571,
-0.00347133,-0.00700553,-0.00170228,-0.026527,-0.0135448,0.000583649,-0.0110025,-0.00757313,0.0053453,-0.00450173,
0.367616
-0.0700651,
-0.000735279,-0.0621714,-0.0114471,0.00764973,-0.0735489,-0.0474636,-0.0673607,-0.00911222,0.00613069,-0.0129625,
-0.200651
0.137577,
-0.00946393,-0.00120099,0.000607196,-0.0265629,-0.0113724,0.00029698,-0.00113283,0.000729812,-0.00361324,-0.00626586,
0.384246
0.0348445,
-0.00146364,0.00449221,-0.00333989,-0.0203817,0.000785495,0.00341644,0.0166442,-0.00355221,-0.00862382,0.00104032,
-0.0393875,-0.055908,0.0114433,-0.0462423,
-0.0994078
0.00551655,0.0342673,0.0061384,-0.0577506,0.0459144,0.0230322,0.0398565,0.00436591,-0.000169995,0.00655195,
-0.198535,0.203455,0.0254256,0.212643,
-0.000265574,
-0.152018
2
11
1
0
11
0
4
12
1
0
12
0
5
13
1
0
13
0
6
14
1
0
14
0
2
8
1
0
3
4
5
7
0
422
13
0
0
-1
3
1
0
1
1
6
191
1
0
3
0
3
1
1
0
4
0
-1
167
1
0
105
1
4
107
1
0
107
0
3
4
1
0
167
1
11
192
1
0
168
0
-1
-1
1
0
172
0
2
173
1
0
173
0
2
190
1
0
190
1
12
105
1
0
191
1
12
172
1
0
192
1
12
168
1
0
5
4
5
6
11
12
0
271
17
0
0
-1
9
1
0
1
0
3
2
1
0
2
0
6
8
1
0
3
1
7
6
1
0
5
1
8
7
1
0
6
1
8
5
1
0
7
0
-1
12
1
0
8
0
0
262
1
0
9
2
0
0
10
4
1

-0.397013

0.126795

-0.203514

-0.206757

-0.701029

-0.469662

-0.45559

-0.131348

-0.413403

-0.0653645

-0.0536544,-0.111316,-0.054405,-0.107215,-0.122497,0.0376527,-0.0278192,-0.0206202,-0.0605187,-0.0177693,
0.270146

-0.0192569,-0.0579165,0.00796876,-0.0895064,-0.0159129,-0.0186945,-0.0164198,-0.0244732,-0.0129671,0.0118567,
-0.0314017

-0.0276654,-0.0551325,-0.0330304,-0.040768,-0.0491301,0.0106084,-0.0402924,-0.00806046,-0.0249368,-0.0181839,
-0.0279699

-0.0319095,0.0586076,0.0186549,-0.189617,-0.108051,-0.114209,-0.0413439,-0.0676517,-0.152951,-0.0108258,
0.101077

0.0223617,-0.284531,-0.089587,-0.255484,0.299473,-0.0738255,-0.168713,-0.0589595,0.202518,-0.0612869,
-0.290765,0.00327147,-0.128049,0.403508,
-0.317686
-4.32883e-05,0.023744,-0.0320303,-0.134567,-0.0594443,0.126279,-0.0735563,0.0373613,-0.0404078,0.00958911,
0.0218958,-0.00585371,0.022317,-0.0142322,
0.114163,
0.011994
10
1
1
0
10
0
-1
12
1
0
12
0
2
13
1
0
13
1
4
242
1
0
14
0
-1
-1
1
0
242
1
8
243
1
0
243
0
1
244
1
0
244
0
6
14
1
0
262
0
2
3
1
0
4
4
5
7
8
0
1226
9
0
0
-1
3
1
0
3
1
4
411
1
0
36
0
-1
-1
1
0
411
1
4
419
1
0
414
0
2
415
1
0
415
0
0
36
1
0
419
1
4
448
1
0
448
2
4
2
11
411
4
5341
0
2
11
3
4
15538
0
2
11
419
4
15541
0
2
11
419
4
4082
0
4
10
4
1
0.344646,-0.0186169,0.0690406,0.0633465,
0.245088
-0.144158,0.148106,0.0494975,-0.229853,
-0.362072
-0.0658674,0.0848028,0.419862,0.111121,
-0.494038
0.0988287,0.15788,-0.349086,0.384529,
0.279833
-0.0270093,0.229107,-0.106184,-0.0656835,
0.139923
0.0283591,-0.150159,0.106801,0.0325111,
-0.229268
0.0604463,-0.0669042,0.17628,0.166144,
0.38763
0.159263,0.174221,0.0916914,0.265979,
0.189137
0.321379,0.225725,-0.140607,-0.275556,
-0.183567
0.214577,-0.10598,0.185302,0.00549845,
0.467088
0.00513028,0.569703,-0.0523342,-0.0660239,
-0.0661529,-0.0205272,0.216527,-0.0521707,-0.0799806,-0.0466985,-0.0178864,-0.00757381,0.0576676,-0.112169,
-0.0689839
0.365919,0.0071318,-0.0794013,0.0640573,
-0.0536977,-0.0856929,-0.215965,-0.156517,0.0140545,0.0369483,-0.121484,0.00389274,0.0315768,-0.160439,
-0.419441
0.771279,0.166414,-0.17569,-0.0262504,
0.0617654,-0.143137,0.454497,-0.0644939,-0.199815,-0.134314,-0.25446,-0.0157174,-0.392077,-0.0467828,
-0.482752
-0.322658,0.0749565,0.394612,0.374619,
-0.279885,-0.0573791,-0.20119,-0.0780645,0.101151,0.0215222,-0.160504,-0.0478514,-0.00588458,-0.258521,
0.487807
-0.249863,0.411689,0.149832,1.06596,
0.00554843,-0.0498502,0.315996,-0.313292,-0.0598634,0.0865559,0.131407,0.027255,-0.180694,-0.279125,
0.868468,-0.976138,1.30891,-1.12911,
-0.565108
0.143625,0.11797,-0.160909,0.107389,-0.120108,-0.0557596,0.11603,0.287787,0.0661292,0.0939472,
-0.0510274,0.136828,-0.252307,0.0967978,
-0.237381,
-0.324406
414
449
1
0
449
0
5
414
1
0
3
4
5
6
0
1106
5
0
0
-1
1
1
0
1
0
1
2
1
0
2
0
2
677
1
0
5
0
-1
-1
1
0
677
0
2
5
1
0
4
4
5
6
11
0
121
15
0
0
-1
2
1
0
1
0
0
5
1
0
2
1
4
8
1
0
3
0
-1
12
1
0
4
1
8
13
1
0
5
1
5
3
1
0
7
0
-1
4
1
0
8
2
1
2
13
2
4
5341
0
1
10
4
1
-0.00929281,
-0.397013
0.0824926,
0.126795
0.00862149,
-0.203514
0.191244,
-0.206757
0.0101475,
-0.701029
0.194814,
-0.469662
0.020714,
-0.45559
0.0542548,
-0.131348
0.0198975,
-0.413403
-0.00224131,
-0.0653645
-0.0170685,
-0.0536544,-0.111316,-0.054405,-0.107215,-0.122497,0.0376527,-0.0278192,-0.0206202,-0.0605187,-0.0177693,
0.270146
0.0403691,
-0.0192569,-0.0579165,0.00796876,-0.0895064,-0.0159129,-0.0186945,-0.0164198,-0.0244732,-0.0129671,0.0118567,
-0.0314017
0.00747948,
-0.0276654,-0.0551325,-0.0330304,-0.040768,-0.0491301,0.0106084,-0.0402924,-0.00806046,-0.0249368,-0.0181839,
-0.0279699
0.0328704,
-0.0319095,0.0586076,0.0186549,-0.189617,-0.108051,-0.114209,-0.0413439,-0.0676517,-0.152951,-0.0108258,
0.101077
0.0398867,
0.0223617,-0.284531,-0.089587,-0.255484,0.299473,-0.0738255,-0.168713,-0.0589595,0.202518,-0.0612869,
-0.290765,0.00327147,-0.128049,0.403508,
-0.317686
-4.32883e-05,0.023744,-0.0320303,-0.134567,-0.0594443,0.126279,-0.0735563,0.0373613,-0.0404078,0.00958911,
0.0218958,-0.00585371,0.022317,-0.0142322,
0.114163,
0.011994
1
9
1
0
9
0
3
35
1
0
11
1
7
13
1
0
12
1
7
7
1
0
13
0
-1
33
1
0
33
1
14
36
1
0
35
1
14
11
1
0
36
0
-1
-1
1
0
6
4
5
7
8
10
14
0
551
5
0
0
-1
4
1
0
2
1
7
3
1
0
3
0
-1
5
1
0
4
0
0
2
1
0
5
0
-1
-1
1
0
5
4
5
7
8
10
0
13682
11
0
0
-1
12031
1
0
3
0
3
4
1
0
4
0
6
7
1
0
7
0
0
11225
1
0
927
0
2
13431
1
0
1268
0
1
2197
1
0
2197
0
6
927
1
0
11225
0
6
1268
1
0
12031
0
6
3
1
0
12723
0
-1
-1
1
0
13431
0
6
12723
1
0
0
0
6708
7
0
0
-1
1
1
0
1
0
1
5
1
0
5
1
15
3093
1
0
3093
0
2
4922
1
0
4922
0
-1
5959
1
0
5959
1
15
5960
1
0
5960
0
-1
-1
1
0
1
15
0
1322
20
0
0
-1
6
1
0
1
0
3
3
1
0
2
2
1
1
17
6
0
1
10
4
1
7.49493e-05,
-0.000319548
-0.217508,
0.0891589
-0.00192302,
-0.000812284
0.411617,
-0.241047
0.00769026,
0.00995362
0.335368,
0.00776926
-0.0147106,
0.514947
0.00486242,
0.000816517
-0.00244994,
0.0959634
0.195827,
-0.123359
0.124877,
0.00327736,-0.0407407,0.00407777,-0.0650089,-0.000831487,0.00454067,-0.0729451,-0.0115876,-0.0140633,-0.0337863,
0.269497
0.0233388,
0.00907924,0.239376,-0.00816083,0.164037,0.0119614,0.217186,-0.212383,-0.0129505,0.326867,0.0680076,
0.803309
0.00195562,
-0.00404799,0.00914826,0.00714001,0.00814338,0.0012225,-0.000891841,0.00168233,-0.00506667,0.00319286,0.00524222,
-0.00266716
0.00163451,
0.00423574,-0.00316118,0.00974448,0.00150666,0.000914286,0.00113216,-0.00187339,0.00396963,-0.000848252,-0.00544857,
1.98346e-05
0.0234387,
0.00270495,-0.117809,-0.00755139,-0.116211,0.00894248,-0.0203616,-0.114775,-0.00563814,-0.215441,-0.067795,
0.133025,0.204855,0.0025754,-0.00479681,
0.993748
0.00113492,-0.234685,0.00400725,-0.546475,-0.00180145,0.300089,-0.824663,-0.0128493,-0.145454,-0.265897,
0.230364,0.75156,-0.00353227,0.00010308,
0.149543,
-0.274499
7
1
1
0
3
0
0
4
1
0
4
0
2
5
1
0
5
0
5
56
1
0
6
0
0
2
1
0
7
0
-1
-1
1
0
56
2
2
1
17
6
0
1
17
3
0
2
10
4
1
0.00672705,0.11647,
-0.115888
-0.112938,0.0235355,
0.00182492
-0.0066641,0.000183148,
-0.0128264
-0.114498,0.0233,
0.00973569
-0.0201377,-0.000125345,
-0.00310182
0.16117,-0.0267286,
-0.472931
-0.150053,-0.0452328,
0.0286267
0.225087,-0.0514848,
-0.227583
0.0511138,-8.72285e-05,
-0.30129
0.0221368,0.00456941,
-0.0217307
0.105917,-0.0281446,
-0.0141295,-0.003102,0.00725704,0.00147564,-0.00561449,-0.0504337,-0.0191395,-0.0650219,-0.0161312,-0.00188055,
-0.0862955
-0.0613222,0.0172059,
-0.00250364,-0.00110608,0.00711063,-0.00789906,-0.00708241,-0.0683344,0.00481652,-0.000949356,-0.011387,0.00634424,
0.425058
0.10055,0.0984047,
-0.0547299,0.00801163,0.000293053,0.00375268,0.00461877,-0.035292,-0.0599876,-0.0192584,-0.021204,0.0199337,
0.675699
-0.0995043,-0.00663149,
-0.140114,-0.019404,-0.00780796,-0.0141392,0.000937927,-0.0126079,-0.0563601,0.0399309,0.0145508,-0.0057107,
0.33959
0.20924,0.00541913,
-0.0178108,-0.0505234,-0.0108712,-0.0230824,0.00288112,-0.035106,-0.0645967,-0.0873821,0.0612824,-0.00779933,
-0.0730458,-0.226,-0.15491,-0.24398,
-0.704237
-0.0498167,-0.0201448,-0.0436136,-0.0213766,-0.0092933,-0.106498,0.0251245,-0.110563,-0.167445,0.00312989,
-0.0268354,0.0146902,0.0722076,0.0333093,
-0.199586,
-0.0590018
7
1022
1
0
60
0
0
61
1
0
61
0
5
62
1
0
62
1
15
63
1
0
63
1
16
64
1
0
64
1
15
745
1
0
745
0
3
7
1
0
1022
0
6
1023
1
0
1023
1
15
1188
1
0
1188
0
5
1189
1
0
1189
0
1
1190
1
0
1190
0
5
60
1
0
2
15
16
0
476
12
0
0
-1
6
1
0
1
1
16
3
1
0
3
1
17
5
1
0
4
1
17
1
1
0
5
0
-1
7
1
0
6
0
6
4
1
0
7
0
-1
28
1
0
28
2
2
4
18
4
17
63
16
5
15
2197
0
2
18
3
17
56
-1
2
10
4
1
0.0173572,0.0340492,
-0.175811
0.453935,0.547796,
-0.453457
0.0706809,-0.203553,
0.485443
0.136633,0.176076,
-0.000230701
0.530392,0.79346,
-0.00292672
0.125443,0.124729,
-0.000565146
0.0881207,0.00578139,
-0.08797
0.143266,0.102718,
-0.143367
0.0598264,-0.00514244,
0.373669
0.141919,-0.861047,
-0.00389116
-0.303823,-0.0294505,
-0.0814815,0.0176447,-0.162112,-0.181619,0.0185874,-0.0667672,-0.0783089,2.36523e-05,-0.148401,-0.0768506,
0.287284
0.129206,0.0299223,
-0.155812,-0.0839925,-0.246135,-0.288822,-0.131797,-0.153609,-0.125107,0.0145539,-0.225891,-0.298033,
-0.183146
0.0476655,-0.026213,
-0.00243968,0.0456659,-0.0090565,-0.0188935,-0.0158136,0.00614281,0.00293214,0.0218767,-0.0124254,0.0100444,
-0.021644
-0.0741273,0.0234397,
-0.0156358,-0.00261121,-0.0250882,-0.0255725,-0.0139996,-0.0295471,-0.0166041,-0.000795468,-0.0287341,-0.0308908,
0.0145852
0.127978,-0.140136,
-0.404815,-0.890482,-0.559192,-0.0806782,0.327114,0.565147,-0.207551,-0.296912,-0.376357,0.818999,
-0.336409,-0.320417,-0.0692864,-0.108002,
0.431294
-0.118144,-0.67284,-0.242141,0.0843925,0.716554,-0.0125459,-0.0919091,-0.184596,-0.160824,0.501704,
0.0728954,-0.198175,-0.0305933,0.0143968,
0.335392,
-0.276701
33
29
1
0
29
0
5
30
1
0
30
1
15
31
1
0
31
0
3
33
1
0
33
0
-1
-1
1
0
3
15
16
17
0
1182
6
0
0
-1
119
1
0
119
1
17
829
1
0
494
0
-1
-1
1
0
526
0
0
494
1
0
829
0
6
830
1
0
830
0
0
526
1
0
4
15
16
17
18
0
1814
18
0
0
-1
2
1
0
1
2
1
1
20
2
0
1
10
4
1
-0.00197014,
-0.00349235
-0.0976629,
-0.00229447
0.223158,
-0.301953
-0.698692,
-0.251444
0.48506,
-0.663139
0.418228,
-0.57192
-0.0127218,
-0.0054848
0.753246,
-0.999829
0.0625429,
-0.0959652
-0.00931058,
-0.00300159
-0.302782,
-0.00194766,0.00200793,0.0463071,0.10688,0.0990607,0.072638,-0.00779238,0.158683,0.0117179,0.00411921,
-0.175471
-0.00234633,
-0.00901502,0.00380078,0.0078912,0.00602715,5.25779e-05,-0.00668775,0.00530324,0.00679936,-0.00299621,-0.00638072,
-0.00385886
0.744238,
0.00302097,-0.00600603,-0.0296268,-0.0590714,-0.0731859,-0.053658,0.000279156,-0.103526,-0.00920413,-0.00744803,
-0.884818
-0.00761027,
0.000671424,-0.00239635,0.00583027,0.00704169,0.00538294,0.00102846,-0.00269171,0.00175156,0.00354696,0.00955449,
-0.0019864
0.843367,
-4.148e-05,-0.0106517,-0.323034,-0.293738,-0.69985,-0.600157,0.00490309,-1.1193,-0.0756881,-0.00839735,
0.135924,0.00497013,-1.43313,-0.00906726,
-0.0137006
0.00359021,-0.0568903,-0.0462002,-0.388393,-0.102513,-0.0872191,0.00468281,-0.154079,-0.0144541,0.00872836,
-0.215332,0.00950823,-0.118535,0.00688992,
0.455999,
-0.0280316
15
10
1
0
2
0
1
938
1
0
3
0
0
13
1
0
4
0
2
5
1
0
5
0
1
6
1
0
6
0
0
7
1
0
7
0
5
15
1
0
8
2
2
1
20
3
0
1
20
11
0
2
10
4
1
0.114024,-0.0649792,
-0.026132
-0.144839,0.00965079,
-0.193884
0.179746,0.0275229,
-0.512479
0.176491,0.0668854,
0.167101
-0.292269,-0.0897093,
0.408489
0.0115863,0.116417,
-0.573958
-0.0765811,0.0252961,
0.0266065
0.435802,-0.913411,
-0.319509
0.0117553,0.0403223,
-0.21444
1.086,-0.704928,
-0.8609
-0.134622,0.707736,
0.0172441,0.0180977,-0.102064,0.148308,-0.0831059,0.0641558,0.0154316,0.0324064,0.0213672,-0.404391,
0.052017
-0.0340038,0.0104294,
-0.00441552,0.00738377,-0.00458296,0.000576255,0.0202365,-0.0104158,0.00320791,-0.00636951,-0.00243391,0.007103,
0.0109208
-0.0597584,0.130022,
0.0239465,0.00629067,-0.1431,-0.0131048,-0.0922636,0.0281065,0.00827051,0.133097,0.0217145,-0.114652,
-0.0627683
-0.18071,0.66123,
-0.0273879,-0.00117444,0.14216,-0.0995912,0.191983,-0.0487097,-0.0252393,-0.141105,-0.00952273,0.523749,
0.462051
0.179532,0.489675,
0.010367,0.0248065,-0.130805,0.076432,-0.31576,-0.00720609,-0.00470319,0.180932,-0.00978064,-0.84046,
-0.0125292,0.00171303,-0.0228567,-0.88952,
-0.35891
-0.11184,-0.187092,0.340647,-0.455527,0.00317135,-0.152469,-0.0709997,-0.807745,-0.0687488,0.258242,
-0.26568,-0.0427947,-0.256627,0.298201,
-0.615218,
0.121721
15
4
1
0
9
2
1
1
20
13
0
1
10
4
1
-0.801679,
0.778739
-0.00911251,
-0.000417682
-0.742357,
1.48255
-0.00153444,
-0.00356878
-0.00912927,
-0.00287183
-0.434797,
0.886939
-0.213491,
0.443407
-0.00733338,
-0.00236766
-0.00373105,
-0.00133612
-0.00319971,
-0.00292144
-0.940819,
-0.223601,-0.00434817,-0.539822,-0.00964257,-0.00494702,-0.338199,-0.280779,0.00464144,-0.00654965,0.00310911,
1.17267
-0.173853,
0.0678761,0.00625053,0.190087,-0.00166233,0.00397129,0.156994,0.102533,-0.00687643,-0.00886338,-0.0040777,
0.335509
-0.797788,
-0.104091,0.00899706,0.222857,0.00921723,0.000564155,0.0820996,-0.0166143,-0.00977386,0.00130621,0.00317416,
-0.19159
0.234675,
0.0108605,-0.00523665,0.0453255,0.00259795,-0.00359393,0.0375453,0.00489858,-0.0019089,0.00411779,0.00776327,
-0.025178
-0.557442,
-0.132116,-0.00198379,-0.452461,0.00728152,0.0035025,0.148983,0.0785038,-0.00717395,0.00537125,0.00795313,
0.328667,0.0415158,-0.795786,-0.00717302,
1.13318
-0.399157,0.000673604,0.204463,0.00185775,-0.00835242,0.107657,0.08723,0.000540704,-0.00553111,-0.00694137,
-0.736545,0.106263,-0.462925,0.109351,
0.0172548,
-0.199793
1554
15
1
0
10
0
1
11
1
0
11
0
2
12
1
0
12
0
6
3
1
0
13
0
0
9
1
0
15
0
-1
-1
1
0
398
0
3
1
1
0
938
1
23
398
1
0
1554
0
4
8
1
0
1
23
0
6078
5
0
0
-1
274
1
0
3
0
3
4
1
0
4
0
3
5
1
0
5
0
-1
-1
1
0
274
1
20
3
1
0
1
20
0
2914
11
0
0
-1
2912
1
0
6
0
-1
2913
1
0
439
0
-1
2712
1
0
2497
0
2
2555
1
0
2515
1
20
2497
1
0
2555
0
0
439
1
0
2712
0
6
2713
1
0
2713
0
1
2714
1
0
2714
0
-1
-1
1
0
2912
1
84
6
1
0
2913
1
84
2515
1
0
3
20
21
84
0
6742
4
0
0
-1
3
1
0
3
0
1
6261
1
0
6261
0
6
6262
1
0
6262
0
-1
-1
1
0
0
0
1253
16
0
0
-1
5
1
0
1
0
4
2
1
0
2
1
18
3
1
0
3
1
23
4
1
0
4
0
-1
6
1
0
5
2
0
0
10
4
1

-0.00126713

-0.000671363

0.124548

-0.00948886

-0.00700098

-0.386892

-0.257089

-0.00101532

-0.00044978

-0.000313307

0.00875528,-0.004905,-0.0465686,0.00971996,2.54668e-05,0.00306321,-0.00461747,0,-0.00982853,0.00237257,
-0.425195

-0.000297799,-0.00936619,-0.00160236,0.00338726,0.00308917,0.00316187,-0.00209523,-0.00362255,-0.00551913,-0.00640942,
-0.0211411

0.00363323,0.00546582,0.000756547,-0.00121598,0.00208082,0.00720476,0.000865833,0.00301356,0.00144326,-0.00644523,
-0.00624182

0.00963046,0.00982269,-0.000369493,0.00832549,-0.00713764,6.44625e-05,0.00789436,0.00346216,0.00965538,-0.00309309,
-0.00398729

0.00927943,-0.00253313,0.0191251,-0.000580269,-0.00779054,-0.00908251,-0.00867779,0.00567308,-0.00871208,-0.00532127,
-0.0106281,0,0.00408099,-0.00641754,
-0.00356474
0.00098253,-0.00456262,-0.0429774,0.00446485,0.00715222,-0.0518653,-0.0352164,0.000408628,-0.00337396,0.000866867,
-0.0744058,-0.00834568,-0.00281913,0.000653332,
0,
0.0154446
1
266
1
0
6
0
-1
264
1
0
264
1
3
265
1
0
265
1
12
266
1
0
266
1
1
1112
1
0
267
0
-1
-1
1
0
1112
1
9
1113
1
0
1113
1
12
1114
1
0
1114
1
4
1115
1
0
1115
1
19
1192
1
0
1192
0
1
267
1
0
0
23
1
2
3
4
5
6
7
8
9
10
11
12
13
14
15
16
17
18
19
20
21
22
23
9859
9
0
0
-1
2
1
0
1
0
3
4
1
0
2
0
3
1
1
0
4
0
-1
1152
1
0
1152
2
1
1
25
4
0
1
10
4
1
-0.212084,
-0.241033
-0.0668297,
0.0665927
-0.054741,
0.054554
0.0886454,
0.178292
0.0810105,
0.153922
-0.0781268,
0.0778504
0.0317983,
0.0484775
-0.00786157,
-0.00791705
-0.00602665,
0.00600181
-0.0737103,
0.0734261
-0.0402854,
-0.0887232,-0.0764926,-0.0507937,-0.0260973,-0.033592,-0.0910351,-0.0149736,0.00292498,-0.00526724,-0.0828576,
0.0571961
0.0686451,
-0.31762,-0.0779002,-0.0594072,-0.157443,-0.147486,-0.083641,-0.0584745,-0.0168666,-0.00636502,-0.0852426,
-0.176593
0.0351191,
-0.209394,-0.118109,-0.111422,0.039387,0.0478774,-0.145234,0.00857802,-0.00378956,-0.0141321,-0.137881,
0.360621
0.000747969,
-0.00865894,0.00620574,-0.0052417,-0.00766393,-0.00720456,0.00799087,-0.00884553,0.00688297,0.0046508,-0.00565996,
-0.00049895
0.142463,
0.0426351,-0.105711,-0.0748225,0.00605967,-0.00616476,-0.129421,-0.0115689,-0.000929924,-0.00807083,-0.125253,
-0.0684704,0.0243188,-0.01776,-0.00568358,
0.911317
-0.0844589,-0.0340747,-0.0279293,0.0724113,0.0657225,-0.0396474,0.0223049,-0.00318244,-0.00305634,-0.0374841,
-0.00281005,-0.0878319,0.154776,0.00088561,
0.178538,
-0.199887
1161
2744
1
0
1159
0
2
1160
1
0
1160
0
6
1161
1
0
1161
0
-1
-1
1
0
2744
1
27
1159
1
0
1
27
0
5514
11
0
0
-1
521
1
0
1
0
1
3
1
0
2
0
1
4090
1
0
3
1
25
2
1
0
212
2
1
1
26
0
0
1
10
4
1
0.0540078,
-0.054827
0.00855688,
-0.00868222
0.180379,
-0.1829
0.414601,
-0.890879
0.0026084,
-0.00263593
0.00274914,
-0.00285953
0.37276,
-0.377915
0.133837,
-0.135829
0.158287,
-0.160489
0.191662,
-0.194266
0.292256,
0.00287069,0.0050944,0.0307522,-0.238646,0.000650155,0.00283255,0.0860139,0.0341723,0.0341241,0.0380318,
-0.304253
0.0414086,
-0.00791395,0.0030696,-0.0158258,0.0304259,-0.00964495,-0.00211872,-0.0284915,-0.000316656,-0.00174582,-0.0129578,
4.18716e-05
0.321045,
-0.0201133,0.00159234,-0.0879499,0.252914,-0.00442587,0.00739132,-0.198663,-0.0669274,-0.0846357,-0.101802,
0.000209318
0.17444,
0.00183421,-0.00502952,0.0284957,-0.137966,-0.00670819,-0.001108,0.0487319,0.00758713,0.0163164,0.0281951,
-0.181565
0.360028,
0.0208237,-0.00859559,0.0559748,-0.296252,0.00387515,0.0103108,0.109417,0.0461733,0.054365,0.0533803,
0.0894319,0.0275344,0.165852,0.0590972,
-0.423712
-0.0173741,-0.00469277,-0.0539041,0.43956,-0.000266254,-0.000747076,-0.108603,-0.0392213,-0.0458447,-0.0565537,
-0.0966983,0.0185558,0.141755,-0.0563198,
-0.145584,
0.0183288
1
3
1
0
521
0
6
212
1
0
3894
0
-1
-1
1
0
4090
1
28
5217
1
0
5217
0
2
5218
1
0
5218
0
5
5219
1
0
5219
0
0
3894
1
0
2
25
28
0
1669
13
0
0
-1
1499
1
0
76
0
0
420
1
0
77
0
6
78
1
0
78
0
2
1560
1
0
420
2
1
1
27
76
0
1
10
4
1
0.00904745,
0.0727576
0.00328931,
0.136862
0.0635446,
0.548761
0.0771594,
0.557078
-0.0125226,
0.146717
0.312165,
-0.315585
0.00634792,
0.0530221
0.243497,
-0.246225
0.0678318,
0.123212
0.149306,
-0.150686
-0.0803039,
-0.0557788,-0.0365436,-0.000844687,0.0187724,0.146969,0.0261239,-0.0529435,0.109236,0.0343603,0.133311,
-0.474994
0.147541,
-0.04289,-0.00606221,-0.116546,-0.109082,0.00914936,0.123439,-0.0151082,0.0411686,-0.0610755,-0.0709606,
-0.150691
0.127102,
0.0205795,-0.0400224,-0.0289457,-0.0586807,-0.0305376,-0.0402603,0.00937613,-0.154971,-0.0636513,-0.21602,
-0.0495422
-0.112049,
-0.0553559,-0.0224085,-0.0180326,-0.00398589,0.114973,0.00138071,-0.0386969,0.00508214,-0.0045521,0.00149607,
-0.647587
0.556294,
0.059638,0.00905187,-0.193994,-0.209444,-0.00335111,0.0303439,0.0182716,0.0873233,-0.0622024,0.0817622,
0.170558,-0.0719289,0.311556,-0.0549811,
-0.887674
0.03473,0.00154992,0.197733,0.20158,-0.030338,-0.165528,0.0278558,-0.124999,0.0644012,-0.0802635,
0.0835638,0.127038,-0.10507,0.114652,
0.0511825,
-0.223675
77
549
1
0
549
0
6
550
1
0
550
0
0
551
1
0
551
0
4
78
1
0
896
0
6
897
1
0
897
0
-1
-1
1
0
1499
1
29
76
1
0
1560
0
2
1561
1
0
1561
1
29
896
1
0
1
29
0
4742
6
0
0
-1
2378
1
0
7
0
6
8
1
0
8
0
2
9
1
0
9
0
-1
-1
1
0
2378
0
0
2379
1
0
2379
0
5
7
1
0
1
25
0
1682
7
0
0
-1
2
1
0
2
0
2
707
1
0
5
0
0
93
1
0
8
0
-1
-1
1
0
93
0
0
94
1
0
94
0
5
8
1
0
707
0
6
5
1
0
0
0
1442
15
0
0
-1
4
1
0
4
0
0
6
1
0
6
0
5
7
1
0
7
0
-1
778
1
0
778
0
2
930
1
0
779
0
2
780
1
0
780
0
5
1109
1
0
930
0
5
931
1
0
931
0
6
932
1
0
932
0
6
933
1
0
933
0
4
779
1
0
961
0
0
962
1
0
962
0
-1
-1
1
0
1109
1
37
1131
1
0
1131
0
6
961
1
0
1
37
0
5948
11
0
0
-1
395
1
0
395
0
3
479
1
0
479
0
-1
5574
1
0
4210
0
3
4354
1
0
4354
0
6
5572
1
0
4355
0
-1
-1
1
0
5544
2
3
1
31
479
0
1
31
4210
0
1
31
0
0
3
10
4
1
0.0363784,0.295555,-0.0119674,
-0.319524
-0.0196198,0.017548,-0.0118234,
0.0298136
-0.0366813,0.0441432,-0.0258997,
-0.199481
0.167333,0.0622316,0.0563447,
-0.290985
0.0687295,0.1646,0.156766,
-0.250865
-0.0311406,0.031762,-0.0303144,
0.190936
0.041297,0.0207214,0.0205884,
-0.223785
0.0358673,-0.059161,0.0356702,
-0.222069
-0.00191064,-0.0672962,-0.0864108,
-0.381489
-0.02214,0.0196704,-0.089385,
-0.199943
0.0467886,0.157171,-0.117954,
0.302513,0.00135433,-0.00488092,0.2503,0.242001,-0.0780453,0.00700975,0.0191038,-0.00291578,0.122398,
-0.488334
-0.0252516,0.0700085,0.00108185,
-0.0585481,-0.00623262,-0.0169149,-0.0770437,-0.0748382,0.0101496,-0.00568403,-0.00594192,-0.0202518,-0.0285052,
0.124922
-0.00197078,0.00106939,-0.00875214,
0.00698058,0.00873683,-0.00534096,-0.00942897,-0.00264744,-0.00481417,-0.00547989,0.00565211,0.00400922,-0.0108355,
-0.0379877
-0.00432348,0.0429514,0.0102312,
-0.0269884,0.00884958,-0.0231648,-0.0416832,-0.0460035,0.0215705,-0.0236105,0.0393234,-0.0525678,-0.028101,
0.387044
0.0676027,0.194232,0.13005,
-0.184632,-0.0159783,-0.0671803,-0.198533,-0.148515,-0.0308961,-0.0312278,-0.0109215,-0.0543751,-0.0895091,
-0.0551968,-0.00773485,-0.00962487,-0.088963,
0.688436
-0.120836,0.00672192,0.0179506,-0.0387606,-0.0783194,0.0526065,0.0566322,0.0447476,0.0756695,-0.077657,
0.118842,0.0407069,-0.0054902,0.039368,
0.102026,
-0.0701688
4355
5545
1
0
5545
1
30
4355
1
0
5572
2
2
1
31
4210
0
1
31
0
0
2
10
4
1
0.136211,0.132486,
-0.133166
0.00182053,0.121133,
-0.132991
0.00160555,0.0859969,
-0.094008
0.000464864,-0.00123945,
-0.0447021
0.113377,0.0991251,
-0.111073
0.0529844,0.017927,
0.194713
0.00191267,0.12192,
-0.13374
0.0224262,-6.53497e-05,
-0.0229034
-0.00732076,-0.00369222,
-0.236307
0.000491144,0.000638059,
-0.0289557
0.00809558,-0.00177206,
-0.00942656,-0.0149849,-0.0155862,0.00314544,-0.00599832,-0.0205105,-0.0138461,-0.00467139,-0.0115421,-0.0112142,
-0.0975051
0.272477,0.0202283,
-0.0604031,-0.0394548,-0.0125807,-0.012806,-0.0274907,-0.0468537,-0.0211453,0.00631843,-0.0376585,-0.00993585,
-0.260376
0.0932555,0.0151255,
-0.178082,-0.189812,-0.131732,-0.0265525,-0.153789,-0.0502452,-0.185591,-0.00903329,-0.0247042,-0.012999,
0.35782
-0.097761,0.0211329,
-0.000621975,-0.0200211,-0.00786109,-0.00192075,-0.0131113,0.00480045,-0.0212284,-0.00842253,-0.0265536,0.0105515,
-0.161856
0.324912,-0.0960457,
-0.0391805,-0.0659633,-0.0459668,0.00441053,-0.0377941,-0.0960997,-0.0690668,0.00997541,-0.0354101,0.00130466,
0.0341258,0.0905302,-0.163569,-0.0885228,
-0.582758
0.0216065,-0.0117211,-0.00845527,-0.0137347,0.0284571,0.0277036,-0.0116476,-0.00243559,0.00581987,-0.00851948,
-0.0403661,-0.164693,0.209458,0.0641388,
0.0872283,
-0.0753159
5544
5573
1
0
5573
0
5
4355
1
0
5574
2
1
1
31
395
0
1
10
4
1
0.0309049,
-0.0947254
0.00169691,
-0.0822378
0.00259401,
-0.0181425
0.00657899,
-0.147048
0.000419561,
-0.0222194
0.0154493,
-0.0275075
-0.0385105,
-0.440823
0.0121758,
-0.0924136
0.00027436,
-0.0414592
0.0173793,
-0.116818
0.171168,
-0.0411287,-0.00351389,-0.00289304,-0.0755095,0.000133061,-0.0266493,-0.00649543,-0.0132788,0.00337119,-0.00606565,
0.177555
-0.0554642,
0.0145299,-0.00300048,-0.00826559,0.00248803,-0.00270111,-0.00313182,-0.00312432,-0.00886925,-0.00813186,-0.00523412,
-0.488189
0.0264159,
0.00101395,0.00904672,-0.00320585,0.0276136,0.000725184,0.00123175,0.00543696,0.00875789,0.00810109,0.00300907,
-0.107945
0.287202,
-0.067824,-0.00656429,0.000588282,-0.0329734,-0.00363285,-0.0269737,0.00592346,-0.0194225,0.00230225,-0.0362467,
-0.29353
0.208356,
0.00173214,-0.0105933,-0.00844824,0.10974,-0.00166706,0.00277369,-0.010963,0.00060106,0.0024922,0.00289754,
-0.205018,0.00922549,0.0147808,0.242405,
-0.593318
-0.00499356,0.00306521,0.00135447,-0.00848574,0.00111513,-0.00119133,0.00165298,-0.0014867,0.000526398,-0.00474281,
0.130917,0.149078,0.0265641,-0.166325,
0.0968836,
-0.0211384
4210
5545
1
0
1
30
0
1860
15
0
0
-1
1783
1
0
1
1
30
5
1
0
2
0
5
10
1
0
5
0
1
6
1
0
6
0
6
2
1
0
7
2
0
0
10
4
1

-0.00225236

-0.0422171

0.0111986

0.020449

-0.00153561

0.0142006

-0.207631

-0.000796181

0.00231565

-0.00156528

0.00960499,-0.0192072,-0.00670763,0.0174951,0.00463691,0.00425044,-0.147835,0.00217934,-0.00303142,0.00273763,
1.32988

-0.00456535,-0.0482478,-0.054008,-0.108767,0.0112261,-0.061875,-0.010819,0.0103472,-0.00756685,-0.00494311,
0.00454859

0.00154757,-0.00609081,0.00190889,0.00734851,-0.00494647,0.00149521,-0.0320635,0.00416242,0.00646853,0.0104884,
0.222978

0.00825831,-0.00769417,0.0106763,0.0168844,-0.00654358,-0.000440589,-0.100493,-0.00718063,0.0044356,0.00287748,
0.87771

-0.00357225,-0.0333611,-0.0540606,-0.0953954,-0.0064929,-0.0723751,0.00685131,-0.00218281,-0.000508834,-0.00266637,
-0.00192718,-0.0491025,-0.00179614,0.00444111,
-0.00851568
-0.0496581,-0.103059,0.00268384,0.00234963,-0.0725425,0.00373098,0.139591,-0.0353517,0.000289337,-0.0353506,
-0.164735,0.00403916,-0.0274437,-0.108814,
0,
0.327083
1
1512
1
0
10
0
-1
-1
1
0
504
0
2
505
1
0
505
0
1
506
1
0
506
0
0
1782
1
0
1074
0
6
10
1
0
1512
0
2
1784
1
0
1782
1
46
1074
1
0
1783
1
46
7
1
0
1784
1
46
504
1
0
3
30
31
46
0
530
12
0
0
-1
9
1
0
1
1
31
5
1
0
2
0
6
10
1
0
3
0
1
4
1
0
4
0
6
382
1
0
5
0
6
384
1
0
8
0
0
2
1
0
9
0
6
8
1
0
10
0
-1
3
1
0
149
0
-1
-1
1
0
382
1
36
1
1
0
384
1
36
149
1
0
4
30
31
32
36
0
1635
7
0
0
-1
3
1
0
1
1
33
694
1
0
3
0
1
1
1
0
694
1
32
843
1
0
843
0
1
878
1
0
845
0
-1
-1
1
0
878
0
1
845
1
0
4
30
31
32
33
0
794
12
0
0
-1
5
1
0
1
0
0
6
1
0
2
0
0
4
1
0
3
1
34
7
1
0
4
1
34
1
1
0
5
0
6
2
1
0
6
0
6
3
1
0
7
0
-1
727
1
0
727
0
3
728
1
0
728
0
6
729
1
0
729
0
6
730
1
0
730
0
-1
-1
1
0
5
30
31
32
33
34
0
496
13
0
0
-1
1
1
0
1
0
-1
3
1
0
3
0
1
4
1
0
4
0
6
6
1
0
6
1
31
94
1
0
7
0
-1
-1
1
0
94
1
31
304
1
0
304
0
1
305
1
0
305
0
3
306
1
0
306
1
31
307
1
0
307
0
6
308
1
0
308
0
6
314
1
0
314
1
31
7
1
0
3
30
31
32
0
1510
5
0
0
-1
1406
1
0
5
0
2
7
1
0
7
0
-1
-1
1
0
1181
0
6
5
1
0
1406
0
0
1181
1
0
0
0
14401
9
0
0
-1
12054
1
0
6
0
-1
14233
1
0
1476
0
3
6
1
0
12054
0
2
12055
1
0
12055
0
6
13713
1
0
13713
0
0
1476
1
0
14093
0
-1
-1
1
0
14233
0
6
14234
1
0
14234
0
6
14093
1
0
0
0
2457
45
0
0
-1
45
1
0
1
0
1
10
1
0
10
0
-1
1580
1
0
11
0
-1
-1
1
0
45
1
40
299
1
0
299
2
1
2
39
45
40
4
0
1
10
4
1
-0.457864,
0.342256
-0.0128826,
-0.470167
0.027632,
-0.367732
-0.527613,
-0.800912
0.571475,
-0.433682
0.152632,
0.416629
0.162083,
0.332647
-0.11195,
-0.324165
0.0366019,
0.431985
-0.186669,
0.0809271
0.237487,
-0.137446,-0.112922,0.00528,-0.121859,-0.16364,-0.0785036,-0.0648171,-0.0640006,-0.0952709,-0.0334438,
-0.260655
-0.0995447,
-0.568181,0.0892833,0.0128823,-0.86897,-0.538321,-0.115347,-0.0343182,0.0206648,-0.0290374,-0.123782,
-0.306405
-0.0420168,
-0.232499,0.035506,0.00296726,-0.370186,-0.214754,-0.0516695,-0.00407004,0.0161638,-0.0141847,-0.0495584,
-0.155197
0.555227,
0.0877581,-0.173219,0.124674,0.26737,0.216172,-0.10593,-0.121625,-0.0840945,-0.0249095,-0.141942,
-0.112581
0.123308,
-1.04126,0.299782,-0.0949796,-1.69752,-0.976004,-0.0312335,-0.00386308,0.0962658,0.00179531,-0.0692987,
0.0581646,0.665073,0.262203,-0.332613,
-0.498539
-0.0366111,-0.165679,0.101803,-0.0144456,-0.038772,0.202552,0.157258,0.100845,0.148447,0.054716,
-0.0916203,-0.414738,-0.173253,-0.0532951,
-0.59579,
-0.204847
1
841
1
0
493
0
5
1873
1
0
494
0
6
495
1
0
495
1
38
11
1
0
548
2
1
1
39
493
0
1
10
4
1
-0.162509,
0.248773
0.0028795,
0.143067
-0.292363,
-0.183939
-0.0176105,
-0.0989917
-0.102753,
0.138747
-0.0180669,
0.0531751
-0.887063,
-0.00157337
-0.293644,
0.433495
-0.0990887,
0.145192
-0.0142423,
0.0422055
-0.091407,
-0.00354711,0.0122148,0.000187513,-0.00848029,0.00126427,-0.0420282,0.0322677,0.0117381,-0.00291996,-0.00937643,
0.0323798
-0.012296,
-0.0183531,-0.00643645,-0.00954292,-0.00627653,-0.0195169,-0.0192948,-0.0136331,-0.0122761,-0.00422245,-0.0126253,
0.0121476
-0.048164,
-0.0160555,0.00105114,0.00821494,-0.0071249,-0.016054,-0.00597971,-0.0359785,-0.0145286,-0.017497,-0.00326971,
-0.0175754
0.163966,
-0.185476,-0.0498794,0.00597167,-0.0300662,-0.2129,-0.0655974,-0.0522538,-0.172532,-0.142733,-0.0301372,
-0.188367
-0.0746928,
0.0648753,-0.00384338,-0.171344,-0.124972,-0.0265364,-0.617446,0.229065,0.142123,-0.0122692,-0.283283,
0.0418589,0.0213355,-0.0084448,0.0982813,
1.14804
-0.0692555,-0.00651581,-0.0741689,0.0331978,0.00725362,-0.00912121,-0.0763789,-0.120773,-0.0409774,-0.00539519,
0.0799451,0.0105468,0.0461416,-0.120722,
0.0102635,
0.0566417
494
549
1
0
549
0
0
1782
1
0
550
0
3
11
1
0
695
0
6
550
1
0
841
0
1
1548
1
0
842
0
1
1322
1
0
843
0
6
1027
1
0
1027
1
40
493
1
0
1028
1
40
1029
1
0
1029
0
6
1030
1
0
1030
1
38
1031
1
0
1031
0
0
1032
1
0
1032
0
2
842
1
0
1182
2
1
2
39
45
40
12
0
1
10
4
1
0.424765,
-0.243531
0.154084,
-0.0236875
0.0518252,
0.507808
0.0848626,
0.81706
0.0122285,
0.0253513
0.291254,
0.317149
-0.190171,
-0.212878
0.200788,
-0.201571
0.0521958,
0.50195
0.203407,
-0.204533
0.0331898,
-0.0276648,-0.00816662,0.00604254,0.00140357,-0.00129987,-0.030522,-0.00380955,-0.024866,0.0136324,-0.0208775,
0.114976
0.104146,
-0.203758,-0.0822305,0.0636669,0.101321,-0.0252171,-0.224316,0.03117,-0.133541,0.083001,-0.151252,
0.858822
0.00516458,
0.00716231,-0.00947334,0.00403309,-0.00591139,0.00376773,-0.00323268,0.000454435,0.00945227,-0.00485985,-0.00862223,
-0.00338895
0.0671788,
-0.15322,-0.0885535,0.0647694,0.178485,-0.00996319,0.0589345,-0.032739,-0.1094,0.059579,-0.105582,
0.409308
0.348969,
-0.153696,-0.0347691,0.386313,0.599592,0.0221152,0.225567,-0.0388136,-0.133596,0.380349,-0.156556,
0.0788736,0.52977,-0.00178468,0.348438,
0.501309
0.250391,0.113189,0.131649,0.207137,-0.0171044,-0.278886,-0.178202,0.143631,0.133176,0.134939,
-0.017384,0.0746156,-0.00359512,-0.149082,
-0.33044,
0.550464
1028
1183
1
0
1183
0
6
493
1
0
1322
0
5
1323
1
0
1323
0
2
1324
1
0
1324
0
2
1325
1
0
1325
0
0
1326
1
0
1326
0
5
1327
1
0
1327
1
40
843
1
0
1548
2
2
2
39
45
40
560
0
1
39
841
0
2
10
4
1
0.151845,-0.274667,
0.0350979
-0.0706382,0.0303767,
0.391916
0.142023,0.0772716,
0.865217
0.0923433,0.28629,
0.354075
0.171955,0.340044,
0.0740113
0.0733497,-0.0669414,
-0.189109
0.191923,0.0320276,
0.950295
0.0335328,0.284322,
0.293803
-0.128819,-0.10076,
0.787555
0.295367,0.0255988,
-0.347302
0.186933,0.0832637,
-0.00528493,0.00454844,-0.0182995,-0.0181939,-0.0198907,-0.0116125,-0.0453356,-0.0472688,-0.0474045,-0.0252016,
-0.062694
0.0562628,0.157768,
-0.0120912,0.013379,0.0225515,0.0175634,-0.0228338,-0.0254695,0.0366162,0.0447584,0.0145388,-0.025879,
0.178281
-0.178206,0.158822,
-0.146689,-0.0576603,-0.0320475,-0.0391411,-0.130184,0.00382049,-0.0542012,-0.264314,-0.141756,0.0109247,
-1.02933
0.083797,0.00500104,
-0.0329766,-0.00189085,0.0999074,-0.0463361,-0.0795753,-0.101965,0.128904,0.0159492,0.000749748,-0.181667,
0.535451
0.151909,-0.23389,
-0.272845,0.0658847,0.167067,0.0758081,0.0111453,-0.0831725,0.160198,0.150882,-0.31441,-0.126465,
-0.210464,0.0835822,-0.563678,0.126751,
0.587816
0.116702,0.0888735,0.311273,0.28556,-0.261895,-0.246611,0.353707,-0.0994911,0.185845,-0.340597,
0.0808596,0.130608,0.169385,0.315582,
0.0033192,
-1.07869
1182
1549
1
0
1549
0
2
1550
1
0
1550
0
1
1326
1
0
1580
0
6
1581
1
0
1581
0
1
1582
1
0
1582
0
1
11
1
0
1782
2
2
1
39
1548
-1
2
39
1327
40
465
0
2
10
4
1
-0.136401,0.223902,
-0.053186
-0.126025,-0.0775821,
0.0724468
0.056756,-0.161559,
-0.125924
0.00221751,0.0474935,
-0.272293
-0.0489476,-0.0678863,
-0.0157488
-0.0391094,-0.248045,
-0.0404972
-0.100106,0.00673151,
-0.0360533
-0.167788,-0.0033838,
-0.0858909
-0.0411276,0.180783,
-0.766982
0.00544411,-0.0551435,
-0.146079
-0.203026,-0.318027,
0.237619,-0.015488,-0.00254602,-0.00455686,-0.0126997,-0.0185756,0.0247783,-0.050416,0.0570319,0.149514,
-0.225609
0.129199,0.0886239,
-0.0990976,-0.0503067,0.00618571,0.0161607,-0.0274139,-0.094353,-0.0744212,-0.0976572,0.0221905,-0.0159982,
-0.469652
0.279964,0.155847,
-0.210297,-0.081268,0.00131502,0.018905,-0.0389438,-0.191918,-0.148059,-0.147493,0.031141,-0.0265507,
-0.803877
0.224029,0.0977805,
-0.169698,-0.0650268,0.00213166,0.0183984,-0.0418925,-0.168101,-0.108801,-0.113069,0.0189683,-0.028292,
-0.561185
0.35656,0.103021,
-0.151564,-0.0792446,-0.00912001,0.00224419,-0.016688,-0.0971402,-0.0347397,-0.147736,0.0119015,-0.0729031,
0.245816,0.00679058,0.0670409,0.00852651,
-0.724872
-0.0292742,-0.014222,-0.111741,-0.114442,0.0287157,0.16373,0.0167728,0.0766373,-0.444174,-0.115602,
0.0292386,-0.104525,-0.206803,-0.153502,
-0.102505,
-0.00403903
695
1783
1
0
1783
1
38
1784
1
0
1784
0
1
1785
1
0
1785
0
6
1786
1
0
1786
0
2
550
1
0
1873
2
2
2
39
1027
40
1524
0
1
39
0
0
2
10
4
1
0.301946,-0.0832147,
-0.164637
0.304438,-0.00777627,
0.000536753
0.0944395,0.0342721,
0.0674216
0.257753,-0.00648103,
-0.000475354
0.171591,0.084579,
-0.10265
0.000692329,0.00066554,
-0.0194482
0.0706699,-0.0192555,
-0.0384739
-0.00417481,-0.00235892,
-0.113246
0.127371,-0.00332192,
-0.000267968
0.153147,-0.00391639,
-0.000229156
0.0801667,-0.0361699,
-0.0720096,-0.300819,-0.157792,-0.293486,-0.243553,-0.160141,-0.00774889,-0.197316,-0.146247,-0.125791,
0.680931
-0.0102449,0.00285196,
-0.0955746,-0.0467663,-0.052927,-0.0420158,-0.0422009,-0.0669951,-0.017351,-0.0195718,-0.0354119,-0.0310816,
-0.0147275
-0.0108949,0.0149667,
-0.0955002,-0.0716042,-0.0340668,-0.0325585,-0.0563769,-0.0692862,-0.00805317,-0.0421131,-0.0231034,-0.0348858,
-0.0383596
0.0244871,0.00216149,
-0.0160129,-0.0512032,0.00988633,-0.0139115,-0.0256373,-0.0409773,-0.0118208,-0.0355329,-0.0412755,-0.0151146,
-0.0788931
0.25293,-0.200753,
-0.27426,0.0324498,-0.180973,-0.10289,-0.114692,-0.0239645,-0.0323124,-0.0848717,-0.0368087,-0.0511424,
-0.369486,-0.0666456,-0.0576147,-0.0687202,
-0.382864
-0.0845695,0.0557063,-0.0267938,0.0437527,-0.0556944,0.00209629,-0.0193875,0.0211492,0.0216553,0.0280306,
-0.0872151,0.00618103,0.00577003,0.0229138,
-0.0246434,
0.0433656
548
1874
1
0
1874
0
6
1875
1
0
1875
0
6
1876
1
0
1876
0
0
11
1
0
2
38
40
0
2889
11
0
0
-1
9
1
0
4
0
6
1522
1
0
7
0
3
465
1
0
9
0
2
4
1
0
12
0
-1
-1
1
0
465
0
0
560
1
0
560
0
6
12
1
0
1522
0
0
1523
1
0
1523
0
2
1524
1
0
1524
0
2
1526
1
0
1526
0
0
7
1
0
1
38
0
443
11
0
0
-1
2
1
0
1
1
39
3
1
0
2
0
6
1
1
0
3
1
38
4
1
0
4
0
1
5
1
0
5
0
6
6
1
0
6
0
2
7
1
0
7
0
-1
13
1
0
8
0
-1
-1
1
0
13
0
6
259
1
0
259
1
39
8
1
0
2
38
39
0
139
16
0
0
-1
134
1
0
1
0
6
3
1
0
2
0
-1
5
1
0
3
1
39
11
1
0
4
1
39
6
1
0
5
1
41
7
1
0
6
1
41
2
1
0
7
0
-1
11
1
0
8
0
2
4
1
0
9
2
0
0
10
4
1

-0.0671349

-0.0597647

-0.156729

-0.0965837

0.114974

-0.0471231

-0.277327

-0.690432

-0.0436933

-0.0465034

0.00824734,0.0641704,0.0620167,0.109222,0.0299454,0.0109303,0.0408717,0.180322,-0.0243113,0.0285348,
0.00692305

-0.00815839,0.00535299,0.00138373,0.00962457,0.00710706,-0.00433771,0.0145211,-0.0100098,-0.0103441,-0.00527696,
-0.0419092

-0.0221376,0.00813214,0.00623778,-0.00459545,0.00899443,-0.0303423,0.00375286,0.0232124,-0.0213253,-0.00258569,
-0.830843

0.0334356,-0.0787663,0.0693931,0.00965313,-0.034135,-0.0289874,0.108614,-0.107107,-0.00431992,-0.0122855,
-0.717678

-0.344438,-0.19775,-0.186751,-0.395259,-0.142714,-0.111316,-0.212529,-0.220257,-0.0831986,-0.206208,
-0.441603,-0.0518104,-0.528351,-0.30019,
-0.697397
-0.0232762,-0.0227345,-0.0419077,-0.0303006,0.037683,-0.0107107,-0.0936383,0.0748471,0.000627538,-0.0117024,
0.0548178,-0.0114534,-0.0852645,0.052058,
-0.0700862,
0.00936072
10
1
1
0
10
0
5
8
1
0
11
0
-1
-1
1
0
134
0
1
135
1
0
135
0
1
136
1
0
136
1
38
137
1
0
137
1
38
9
1
0
3
38
39
41
0
471
6
0
0
-1
5
1
0
1
1
41
4
1
0
3
1
42
7
1
0
4
1
42
3
1
0
5
1
42
1
1
0
7
0
-1
-1
1
0
4
38
39
41
42
0
647
11
0
0
-1
634
1
0
3
1
34
640
1
0
5
1
35
129
1
0
129
0
6
632
1
0
476
1
45
478
1
0
478
0
-1
-1
1
0
632
1
85
476
1
0
634
1
38
3
1
0
640
0
2
641
1
0
641
1
35
642
1
0
642
0
1
5
1
0
3
45
48
85
14
30
31
32
33
34
35
36
37
38
39
40
41
42
43
678
7
0
0
-1
3
1
0
2
0
-1
5
1
0
3
1
43
2
1
0
5
0
-1
181
1
0
181
0
3
182
1
0
182
0
6
183
1
0
183
0
-1
-1
1
0
0
14
30
31
32
33
34
35
36
37
38
39
40
41
42
43
495
5
0
0
-1
2
1
0
2
0
2
3
1
0
3
0
1
86
1
0
6
0
-1
-1
1
0
86
0
0
6
1
0
2
30
31
0
117
19
0
0
-1
2
1
0
1
0
3
3
1
0
2
0
3
6
1
0
3
0
6
13
1
0
4
0
-1
18
1
0
5
2
1
1
47
1
0
1
10
4
1
-0.0010027,
-0.0355911
0.020537,
0.147242
-0.147309,
-0.260275
-0.0155736,
-0.176047
-0.0201483,
0.0191384
0.0532097,
0.00116579
-0.0547141,
-0.123129
-1.17601,
-0.206155
0.39489,
-0.0947572
0.129275,
0.0720236
-0.0382498,
0.0430012,0.00633034,0.128827,-0.0808699,0.00552082,-0.0219365,-0.0940246,-0.0394647,-0.00381532,-0.0329977,
-0.0376535
-0.00878908,
-0.00864276,-0.000191078,-0.1668,-0.0288437,-0.0227426,0.0184947,-0.0435497,-0.177518,-0.00384706,-0.00756016,
-0.0536101
0.0524124,
-0.0282387,-0.101384,-0.136563,-0.0320644,-0.079727,-0.0175068,-0.0234874,-0.198237,-0.162099,0.0989718,
-0.0887349
-0.658245,
-0.0670851,0.0582037,-0.339704,-0.0689242,-0.0165909,-0.0552868,-0.0922383,-1.0108,-0.298777,0.0236161,
0.700306
-0.424347,
-0.0290992,0.0858559,-0.158965,0.103949,-0.0550236,0.0151809,0.148232,-0.363391,-0.233733,-0.0655495,
-0.0113938,-0.160078,-0.273234,-0.201562,
0.983796
-0.0191032,0.0407765,-0.0197741,-0.0954041,-0.0150803,0.00809197,-0.0967038,0.0138076,0.0150986,-0.0287677,
0.00171736,-0.00419866,0.0275285,-0.208113,
0.22546,
-0.0472488
9
4
1
0
6
0
1
1
1
0
7
2
1
1
47
3
0
1
10
4
1
0.727323,
-0.757123
0.00918123,
-0.0252925
0.0118935,
-0.280765
0.000926409,
-0.00285037
0.0412155,
0.539475
0.0092907,
-0.246284
0.0057386,
0.043267
0.00439073,
0.0713326
0.0260402,
0.233132
0.00685054,
-0.272681
-0.0073225,
0.118468,0.107435,0.0305753,0.00567751,-0.296796,0.019175,-0.000988553,-0.00654863,-0.0565864,0.0287692,
-0.207373
-0.0448835,
-0.0831027,0.306337,-0.0575123,-0.00155754,-0.542352,-0.0371471,-0.0176887,-0.0164083,-0.0860699,-0.0402213,
-0.496505
0.805703,
-0.995512,0.391835,0.023385,-0.00227028,-0.24792,0.00801541,-0.128148,-0.0671648,-0.00467507,-0.00183035,
0.592585
0.00789622,
-0.00500444,0.000871824,-0.00521211,-0.000781652,-0.00896358,0.00350523,-0.00217669,0.0040253,-0.000663655,-0.0031804,
-0.00699566
0.0657573,
0.193568,0.0630426,-0.136599,0.00795906,0.243631,-0.10369,0.0562321,0.0550776,-0.0178456,-0.0966975,
-0.29858,-0.614101,-0.537727,-0.011147,
0.538086
0.00155646,0.256934,-0.120239,0.00233684,0.0332142,-0.106736,-0.0174915,0,0.0730036,-0.116302,
-0.134754,-0.108742,-0.166388,0.026709,
0.0543088,
0.00999523
12
19
1
0
8
0
1
14
1
0
9
0
5
4
1
0
10
0
1
11
1
0
11
0
-1
19
1
0
12
0
2
10
1
0
13
2
1
1
47
6
0
1
10
4
1
-0.0728387,
-0.0966276
-0.387028,
-0.474294
-0.167243,
-0.193132
-0.00830607,
-0.106791
-0.283556,
-0.3701
-0.614336,
0.536684
-0.00519535,
-0.00044049
-0.27691,
-0.342116
-0.556552,
0.877229
-0.0347242,
-0.430013
-0.0359047,
0.0048704,0.00557106,0.00262164,-0.0170207,0.00348349,-0.203715,0.00287556,-0.00784355,-0.143963,-0.0604429,
0.293214
-0.00257742,
-0.00221342,-0.0042623,-0.00622259,0.00378715,0.0030528,-0.00533031,-0.00768767,-0.00879974,-0.00830403,0.00568601,
-0.00136296
-0.39337,
-0.0226545,-0.114435,-0.031073,0.0884385,-0.0702098,0.234843,-0.00277188,-0.0832843,0.161299,0.337872,
-0.839621
-0.437966,
0.0184711,0.0112354,0.0250296,0.0351831,0.0361916,-0.122834,0.00235005,0.0140149,-0.170229,0.171654,
-0.294193
-0.616793,
0.0324614,0.131611,0.033478,0.0534927,0.0900172,-0.2677,-0.001607,0.0794881,0.310434,0.359788,
0.419908,0.000123035,-0.431958,0.305923,
1.14351
0.0395929,0.227805,0.0916526,-0.0475495,0.168079,-0.475594,0.0020063,0.165293,0.295694,-0.241342,
0.0240908,-0.00115273,-0.406554,0.402487,
0.166971,
-0.120761
15
7
1
0
14
0
6
16
1
0
15
0
0
8
1
0
16
2
2
1
47
15
0
1
47
14
0
2
10
4
1
0.266667,-0.00463933,
0.117643
-0.193741,0.244026,
-0.171157
-0.00452595,0.0123045,
0.00469166
0.180676,-0.0623733,
-0.0998435
0.0831464,0.727664,
-0.322649
-0.0785425,0.0471436,
-0.0258357
0.492916,-0.0390217,
0.413706
0.0236724,1.09651,
0.60756
-0.103757,0.51219,
-0.0382538
-0.0657595,0.0295906,
-0.0138469
0.409127,-0.0643688,
0.0154799,-0.00674171,-0.000871344,0.0681608,-0.154201,0.0501618,-0.0128372,-0.334413,-0.0736704,0.0272587,
-0.0916059
-0.0516246,-0.0213104,
-0.1262,-0.0810257,-0.00210231,-0.145794,0.00626755,-0.121841,-0.214102,-0.422962,-0.178936,-0.0978991,
-0.0321528
0.0955681,0.320222,
-0.135553,0.0852571,0.013085,-0.0804376,-0.0876615,-0.0567086,-0.253204,0.0786865,0.0556371,-0.0725067,
0.140229
-0.0692541,-0.00280564,
-0.0641695,-0.010342,-0.00878535,-0.0625177,0.00388721,-0.0463031,-0.106499,-0.225961,-0.0777586,-0.0528395,
-0.00729297
0.014427,-0.128767,
-0.212826,-0.122847,-0.00247993,-0.0893167,-0.0075513,-0.100803,-0.308398,-0.5225,-0.173922,-0.097372,
-0.114468,-0.476382,-0.164029,-0.270537,
-0.0876136
0.0172536,-0.0951905,-0.000711036,0.0161958,-0.422049,-0.0195835,0.0777335,0.221708,0.0693418,-0.0195507,
0.130412,-0.0818481,0.123122,-0.0482441,
-0.183756,
-0.0622393
19
5
1
0
18
0
3
10
1
0
19
0
-1
-1
1
0
0
0
69
8
0
0
-1
2
1
0
1
1
40
3
1
0
2
1
42
1
1
0
3
0
1
6
1
0
4
1
43
5
1
0
5
1
45
7
1
0
6
1
45
4
1
0
7
0
-1
-1
1
0
1
45
14
30
31
32
33
34
35
36
37
38
39
40
41
42
43
5614
24
0
0
-1
2088
1
0
1730
0
-1
-1
1
0
2088
0
3
2516
1
0
2090
0
1
2235
1
0
2235
0
2
2361
1
0
2237
0
0
2514
1
0
2361
2
2
1
49
0
0
1
49
2235
0
2
10
4
1
0.138757,0.00462641,
-0.0635116
-0.0236115,0.0212476,
-0.0262565
-0.0749133,0.0651493,
-0.106457
-0.00535346,0.108092,
0.444725
-0.0103754,0.0705477,
0.0864729
0.0299592,-0.189729,
-0.253351
-0.0188394,0.0105963,
0.0540461
-0.0203964,0.725074,
-0.740396
-0.0371891,0.196024,
0.19209
-0.0305917,0.0274895,
-0.0356392
-0.0125282,0.0268656,
0.00143396,0.00537148,-0.00470262,-0.00127352,-0.00772918,0.00445788,0.0128371,-0.00358295,0.00797133,-0.00605623,
-0.0105217
-0.117583,0.407918,
0.0188852,-0.0039458,0.0374331,-0.292922,-0.0287329,-0.0764783,-0.0440185,0.574636,-0.084471,0.0085974,
-0.752337
0.258754,0.030908,
0.057757,-0.000988924,0.0470758,-0.170175,-0.0254946,0.0692073,-0.0223487,-0.0455211,-0.106946,-0.0157264,
-0.119173
0.150728,0.0355258,
0.0340925,-0.0334128,0.0282173,-0.164067,-0.0287404,0.102593,-0.0427626,-0.12458,-0.115397,-0.0552344,
0.0401633
0.103792,0.356909,
-0.0851786,-0.00448484,-0.0920727,-0.0473663,-0.0224436,-0.220559,0.0422407,-0.28163,-0.0864528,-0.00278044,
-0.0308136,0.191938,-0.102667,0.0638199,
1.00651
-0.00929411,-0.0061228,-0.0267422,0.126636,0.0374736,0.0959866,0.0114527,-0.296574,0.0948464,-0.0100321,
-0.001007,0.184932,-0.0483101,-0.0232464,
0.207278,
-0.253049
2237
2362
1
0
2362
0
6
2363
1
0
2363
0
3
2364
1
0
2364
0
5
2617
1
0
2467
0
0
2468
1
0
2468
0
3
2469
1
0
2469
1
51
1730
1
0
2514
1
53
2467
1
0
2516
1
53
2090
1
0
2617
0
0
2618
1
0
2618
1
51
2619
1
0
2619
1
53
2620
1
0
2620
0
3
2621
1
0
2621
1
53
4574
1
0
4574
0
1
4736
1
0
4736
0
0
4737
1
0
4737
0
5
4738
1
0
4738
0
2
2467
1
0
2
51
53
0
1746
14
0
0
-1
6
1
0
1
2
1
1
50
6
0
1
10
4
1
-0.214945,
0.367216
-0.011617,
-0.0253962
-0.0612183,
0.0251816
4.10508e-05,
-0.00229637
-0.0762807,
-0.07838
-0.173057,
0.0228219
-1.94552,
1.03777
-0.20188,
0.336862
-0.0020714,
-0.0296064
-0.143407,
0.274529
-0.00322718,
-0.00656774,0.0106927,-0.00015834,-0.0028541,-0.00375942,0.000566713,0.00100011,0.0108905,-0.00289611,0.00771003,
-0.0403567
-0.000530212,
0.0100319,-0.00224626,0.00531154,0.0067981,0.00570924,0.00221232,-0.00220618,0.00288441,-0.00832615,0.00248675,
-0.03339
-1.73615,
0.134328,0.045793,0.0921755,0.0068115,0.00774534,0.0259016,0.324595,0.147628,-0.00438642,0.209484,
0.400424
-0.892347,
-0.0730106,-0.0761174,-0.31903,0.00686468,-0.40704,0.00593451,-1.5183,0.0553466,0.00650343,-0.328612,
0.183673
-0.436332,
0.305222,0.0334215,0.0127785,-0.00530466,-0.0367136,-0.0227652,-0.316727,0.25613,0.00319633,-0.0176659,
-0.00571326,0.00335327,0.0527715,0.478619,
0.813317
0.114033,-0.0986475,-0.152329,0,-0.142565,0.0501808,0.0956055,0.0259681,-0.0977279,-0.171424,
-0.015306,-0.0154885,0.14227,0.0310621,
-0.369228,
0.0284204
5
707
1
0
2
1
49
1247
1
0
3
0
3
1166
1
0
5
0
5
3
1
0
6
0
5
1
1
0
9
0
-1
-1
1
0
707
1
52
9
1
0
1166
1
52
2
1
0
1247
1
52
1248
1
0
1248
0
3
1249
1
0
1249
0
0
1250
1
0
1250
0
3
1364
1
0
1364
2
1
3
50
1166
52
358
49
2467
0
1
10
4
1
-0.20383,
0.0948491
-0.0207558,
0.0856714
-0.026476,
-0.188019
-0.0519786,
-0.0230654
-0.0452565,
-0.0565153
0.315679,
-0.100879
-0.30548,
0.0154192
0.164821,
0.0175463
0.0427903,
-0.0623648
-0.0211712,
0.0759831
-0.00925317,
-0.000502045,0.00674095,-0.000971617,-0.0101884,0.00577126,-0.0225692,-0.00330893,0.00259589,-0.00160437,-0.00454307,
-0.00827278
-0.310143,
0.0231196,0.0226313,0.0936996,-0.0160521,-0.0700741,-0.180768,-0.0647773,-0.00132801,0.125397,0.0338733,
0.263626
-0.0532129,
0.0259779,0.0179496,0.0139845,-0.0036142,-0.0502385,-0.117752,0.0676123,0.0265276,-0.000290398,7.63862e-05,
-0.0576629
-0.0475159,
-0.0941946,0.0509679,-0.133546,0.060149,0.037184,0.0871355,0.0798431,0.0396464,0.258713,0.056132,
0.163655
0.0413974,
-0.0650765,-0.0156758,0.0590284,-0.00685971,-0.160706,-0.159768,-0.149806,0.0384901,0.000252452,-0.0248761,
-0.0517722,-0.104797,-0.228822,-0.103909,
-0.0143145
0.111898,-0.183216,0.224774,-0.0592529,-0.016294,-0.00815704,0.122468,-0.137115,-0.286492,-0.238918,
-0.0141885,-0.202105,-0.177441,0.416845,
0.00377128,
-0.0292096
707
9
1
0
2
49
52
0
14351
6
0
0
-1
3
1
0
3
0
6
3828
1
0
3828
0
1
13215
1
0
7541
0
-1
-1
1
0
13177
1
75
7541
1
0
13215
0
6
13177
1
0
1
75
0
880
14
0
0
-1
1
1
0
1
0
6
2
1
0
2
0
1
3
1
0
3
1
49
355
1
0
4
0
1
5
1
0
5
0
-1
-1
1
0
355
2
2
2
52
3
49
1730
0
2
52
3
49
2467
0
2
10
4
1
-0.0149145,-0.0379083,
-0.0604652
-0.198283,0.0189824,
-0.00784349
0.156906,-0.03641,
-0.078356
1.08431,0.0476088,
0.406328
0.00871195,-0.0073869,
-0.00165183
0.0469391,0.0216944,
0.0508742
0.0047382,-0.00848347,
-0.0441928
0.227629,0.0126352,
0.107195
0.0696578,-0.056844,
0.0164088
0.0080158,-0.023741,
-0.0616785
-0.0908401,1.44503,
-0.15561,-0.0693171,-0.0114413,-0.148835,0.0438347,-0.00160032,0.151383,-0.0133924,0.00898164,-0.171695,
0.328037
0.312917,-0.181704,
-0.049226,-0.172004,0.0665243,-0.0851618,-0.0197793,-0.0094013,-0.0928125,-0.0288265,-0.0110976,-0.0719151,
-0.199568
-0.559306,1.56148,
-0.0870131,-0.0298838,0.00442947,-0.0146896,0.00101961,-0.0109127,0.0470705,0.00713676,-0.0121281,-0.141537,
-0.0344761
0.469305,0.051303,
-0.185506,-0.0617605,0.00153763,-0.0581495,0.0206809,0.0211749,0.0448937,-0.00194739,0.0425935,-0.0792156,
0.508008
0.142347,-0.0351893,
-0.249487,-0.0314871,0.150855,0.915371,-0.064812,-0.0618701,-0.164762,0.135807,-0.0805492,-0.151832,
0.287506,-0.393262,0.144914,-0.0106029,
-1.10977
-0.0108591,-0.0724168,0.122103,0.363017,-0.00850279,0.063357,-0.00344563,0.0940488,0.0501914,-0.00519438,
0.187975,-0.0886153,0.0134019,0.183721,
-0.460794,
-0.400299
4
356
1
0
356
0
2
357
1
0
357
0
0
358
1
0
358
1
49
359
1
0
359
0
5
360
1
0
360
1
49
837
1
0
361
0
5
5
1
0
837
1
49
361
1
0
1
49
0
1928
3
0
0
-1
789
1
0
11
0
-1
-1
1
0
789
1
55
11
1
0
2
51
55
0
996
8
0
0
-1
380
1
0
2
0
3
283
1
0
6
0
-1
919
1
0
283
0
0
6
1
0
380
0
0
2
1
0
919
0
6
920
1
0
920
0
0
921
1
0
921
0
-1
-1
1
0
2
49
50
0
2811
6
0
0
-1
2
1
0
1
0
0
5
1
0
2
0
3
3
1
0
3
0
5
4
1
0
4
1
51
1
1
0
5
0
-1
-1
1
0
1
51
0
197
27
0
0
-1
101
1
0
1
1
54
10
1
0
2
1
50
8
1
0
3
0
1
2
1
0
4
0
2
5
1
0
5
0
2
7
1
0
6
2
1
1
56
9
0
1
10
4
1
-0.0557961,
-0.000225718
-0.488436,
-0.0891892
-0.00286081,
-0.000262444
-0.287368,
-0.0582829
-0.00163621,
-0.00785665
-0.220888,
0.249678
0.818507,
0.540546
-0.0213307,
-3.15885e-05
0.0316735,
0.033265
0.0983544,
0.359224
0.318073,
0.0795262,-0.0109597,0.00571364,0.00010636,-0.00484205,-0.0887331,0.513582,0.0318877,-0.00473385,-0.191895,
0.649356
0.0179565,
0.00104576,-0.0172592,-0.00274038,-0.0152855,0.00369186,-0.00204931,-0.00642797,0.00135468,-0.00328897,-0.0119761,
-0.011532
0.170034,
0.0168852,-0.112888,0.00953306,-0.065057,0.00166111,-0.0945325,-0.130182,0.000117929,-0.0116761,-0.137332,
0.0526205
0.225306,
-0.0858471,0.0018902,-0.00436516,-0.00305849,-0.00633374,0.0731481,-0.0443918,-0.0350106,0.0112676,0.112052,
-0.232597
-0.168697,
-0.00265208,0.0542172,0.00363231,0.0351831,-0.00245773,0.0259039,-0.274202,0.0104334,-0.0279252,-0.175247,
0.114951,-0.0109692,-0.0992019,-0.185833,
0.0969294
-0.241621,0.474342,-0.00798242,0.282035,0.00852469,0.457054,0.790491,-0.0895367,0.0925414,0.545781,
-0.821385,-0.0175631,-0.191781,0.396987,
0.598506,
-0.126821
31
115
1
0
7
2
1
1
56
5
0
1
10
4
1
0.00422001,
-0.0010567
-0.559853,
-0.367188
0.143084,
-0.0503094
-0.0398479,
0.021735
0.00486176,
-0.332998
0.00906781,
0.0336795
-0.686905,
0.178638
0.0570207,
-0.296083
-0.0448766,
0.409322
-0.0198195,
0.00626613
-0.17951,
-0.028613,0.196088,0.0350113,-0.0317226,0.101563,0.026825,-0.116695,-0.0382077,0.0848221,-0.0398946,
-0.322735
0.949323,
-0.00596554,0.211954,0.00992564,-0.0126357,0.0722418,0.00248859,-0.825077,0.0265115,-0.0405811,-0.0253975,
-0.401088
0.102918,
0.000413775,-0.0342171,0.00735327,-0.00280327,0.0308162,-0.0158224,0.00376277,-0.00470247,-0.00466535,-0.0072876,
-0.0186187
-0.137446,
0.00936501,-0.0446193,-0.00504699,0.0109829,-0.0891439,0.00795552,0.0060194,-0.00871943,0.0127406,0.0166377,
0.0270426
0.614184,
-0.0271833,-0.664285,-0.129711,-0.0194015,-0.553073,-0.0438953,0.446544,0.0669248,-0.419288,-0.0306367,
-0.00780459,-0.932554,-0.0254073,-0.0325885,
0.649191
0.0319831,-0.471405,-0.0422704,-0.033886,-0.206128,-0.165498,0.542869,0.118317,-0.59543,0.0580145,
-0.176922,-0.129932,0.105929,-0.245427,
0.681749,
-0.0141452
3
10
1
0
8
0
3
1
1
0
9
0
3
6
1
0
10
0
-1
102
1
0
31
0
1
73
1
0
32
0
4
33
1
0
33
0
0
34
1
0
34
1
54
35
1
0
35
0
1
36
1
0
36
0
2
37
1
0
37
1
50
38
1
0
38
0
6
39
1
0
39
0
3
40
1
0
40
0
0
4
1
0
53
0
-1
-1
1
0
73
2
0
0
10
4
1

-0.01693

-0.0570385

-0.000943447

-0.477358

-0.121505

-0.0137181

-0.159238

-0.0902493

-0.0192601

-0.0324974

0.00808199,0.00355346,0.000505716,0.00374766,0.00467591,-0.00944693,0.00204574,0.00368861,-0.0082173,0.00925752,
-0.000318906

-0.00190162,-0.00726167,-0.000756462,0.0030676,0.00613024,0.00125464,0.00253987,-0.00229922,-0.00699172,0.00770875,
-0.0226563

-0.00598891,-0.0203532,-0.000115126,-0.00299481,0.00748286,-0.00163477,0.00670188,-0.00335474,-0.00259758,-0.0112461,
0.302725

-0.00413756,-0.0039698,-0.000658696,-0.00421988,-0.00587496,0.00627363,0.00443363,0.00357709,0.00902269,-0.00484528,
-0.0195014

-0.00422641,0.0141231,-0.00828779,0.000213629,-0.000723446,-0.00614809,-0.00247352,-0.00986591,0.0041776,0.00619052,
0.00117609,-0.00485039,0.18526,-0.00709613,
-0.355855
0.000345019,-0.0453209,-0.000248765,0.0138809,0.00310289,-0.00393644,0.00453561,0.00266898,-0.0113681,-0.0214098,
-0.00494497,-0.00196398,-0.0232935,0.000121464,
0.00145151,
0.0158107
32
74
1
0
74
1
50
38
1
0
101
1
57
9
1
0
102
1
57
53
1
0
115
0
2
53
1
0
4
49
50
54
57
0
212
11
0
0
-1
2
1
0
2
0
3
5
1
0
3
0
-1
56
1
0
4
0
1
6
1
0
5
2
1
1
57
2
0
1
10
4
1
-0.0557961,
-0.000225718
-0.488436,
-0.0891892
-0.00286081,
-0.000262444
-0.287368,
-0.0582829
-0.00163621,
-0.00785665
-0.220888,
0.249678
0.818507,
0.540546
-0.0213307,
-3.15885e-05
0.0316735,
0.033265
0.0983544,
0.359224
0.318073,
0.0795262,-0.0109597,0.00571364,0.00010636,-0.00484205,-0.0887331,0.513582,0.0318877,-0.00473385,-0.191895,
0.649356
0.0179565,
0.00104576,-0.0172592,-0.00274038,-0.0152855,0.00369186,-0.00204931,-0.00642797,0.00135468,-0.00328897,-0.0119761,
-0.011532
0.170034,
0.0168852,-0.112888,0.00953306,-0.065057,0.00166111,-0.0945325,-0.130182,0.000117929,-0.0116761,-0.137332,
0.0526205
0.225306,
-0.0858471,0.0018902,-0.00436516,-0.00305849,-0.00633374,0.0731481,-0.0443918,-0.0350106,0.0112676,0.112052,
-0.232597
-0.168697,
-0.00265208,0.0542172,0.00363231,0.0351831,-0.00245773,0.0259039,-0.274202,0.0104334,-0.0279252,-0.175247,
0.114951,-0.0109692,-0.0992019,-0.185833,
0.0969294
-0.241621,0.474342,-0.00798242,0.282035,0.00852469,0.457054,0.790491,-0.0895367,0.0925414,0.545781,
-0.821385,-0.0175631,-0.191781,0.396987,
0.598506,
-0.126821
4
3
1
0
6
0
-1
-1
1
0
56
1
54
57
1
0
57
0
1
81
1
0
81
0
0
148
1
0
82
0
1
6
1
0
148
0
2
82
1
0
3
49
50
54
0
473
9
0
0
-1
2
1
0
2
1
54
6
1
0
6
1
56
295
1
0
8
0
-1
169
1
0
36
1
56
8
1
0
167
1
73
36
1
0
169
1
73
170
1
0
170
0
-1
-1
1
0
295
1
73
167
1
0
5
49
50
54
56
73
0
31752
10
0
0
-1
18919
1
0
2
0
0
3
1
0
3
0
3
4
1
0
4
0
-1
-1
1
0
12319
0
1
31385
1
0
18919
0
0
12319
1
0
20159
0
6
2
1
0
31385
2
0
0
10
4
1

-0.0116191

-0.00616916

-0.0732553

-0.0422993

-0.0676737

-0.0268466

-0.0375983

-0.0146169

-0.0164763

-0.0279996

-0.0082424,0.0030385,0.00471251,-0.00114167,0.00568526,-0.0104302,-0.000472407,0.00771274,-0.00808287,-0.00165759,
-0.0138672

0.00244454,0.0036942,-0.0137252,0.00452224,0.00154348,0.00499404,-0.00969641,-7.77307e-05,0.00361029,-0.00480555,
-0.0341421

0.000335686,0.00173061,0.00271451,-0.00484208,-0.00609313,-0.00433722,-0.00789592,0.00574064,-0.00485583,0.00396422,
-0.0119298

-0.00812083,0.00635449,0.00629087,0.00673421,0.00140198,-0.00387482,-0.00535631,0.00754551,-0.00860809,0.00819904,
-0.0156853

-0.00448507,0.00564599,0.00796615,0.00593008,-0.0030763,-0.012703,-0.00652438,0,0.00798858,-0.00361119,
-0.0112996,0.00291317,-0.00180045,-0.00128468,
0
0,0,0.000296482,0.000138877,0.000182928,0,2.21877e-05,0,0,2.27543e-05,
1.78911e-05,6.13113e-05,-1.19607e-05,1.12336e-05,
0,
0.00284185
20159
31386
1
0
31386
0
1
31387
1
0
31387
0
3
20159
1
0
0
0
1681
15
0
0
-1
1640
1
0
3
0
6
1215
1
0
108
1
61
1635
1
0
418
0
1
1636
1
0
419
0
0
988
1
0
837
1
62
3
1
0
988
1
63
837
1
0
1215
0
3
1216
1
0
1216
0
2
108
1
0
1454
0
-1
-1
1
0
1635
1
74
1454
1
0
1636
1
74
419
1
0
1640
0
2
1641
1
0
1641
0
2
1642
1
0
1642
0
0
418
1
0
6
59
61
62
63
72
74
0
5244
16
0
0
-1
1
1
0
1
0
3
6
1
0
6
0
2
7
1
0
7
0
6
2183
1
0
11
0
-1
-1
1
0
151
0
6
2206
1
0
2183
0
2
2184
1
0
2184
1
59
151
1
0
2206
2
2
1
61
151
0
2
61
2184
59
12319
0
2
10
4
1
0.148837,-0.0911996,
-0.509957
0.229177,0.086007,
-0.0157958
0.0511548,0.0708017,
-0.138701
-0.0777552,-0.017778,
-0.913566
0.195773,-0.125104,
0.101461
0.243074,-0.0963965,
-0.218981
0.0419686,-0.0840531,
0.178746
-0.069124,0.0485527,
-0.421731
0.0853892,-0.0328771,
-0.20902
0.168441,-0.153096,
-0.525028
0.137285,-0.014141,
-0.0840468,0.176873,-0.278243,-0.0516617,-0.0346599,0.00403331,-0.16287,-0.0547009,-0.0269958,-0.0804756,
-0.449157
-0.105239,0.042711,
0.124147,-0.00585187,-0.31085,-0.0380114,0.0890077,0.00425648,-0.0404712,0.00616595,0.00551016,0.0796474,
-0.735058
0.083732,0.0298287,
-0.0359645,0.246554,-0.324053,-0.0581111,-0.0403827,0.0429736,-0.12697,-0.118541,-0.0424288,-0.000547925,
-0.567676
0.21237,-0.361929,
-0.209431,-0.754639,-0.187469,0.0239199,-0.410792,-0.251228,-0.144181,-0.108209,-0.0592326,-0.332135,
0.200736
0.19129,0.0179709,
0.0429043,0.0604607,0.599749,-0.089329,0.178247,-0.0581017,-0.108038,0.0116658,0.0460753,-0.0638144,
0.0840595,-0.220467,0.0739492,0.349969,
1.13809
0.0408721,-0.0773269,-0.134216,0.129112,-0.0962007,-0.070395,0.0629346,0.0421366,0.0237484,0.0647093,
0.0657865,0.0460993,-0.00785647,-0.103034,
0.166723,
-0.105465
11
2207
1
0
2207
0
1
2208
1
0
2208
0
5
2456
1
0
2209
0
3
11
1
0
2456
0
6
2587
1
0
2587
0
1
2588
1
0
2588
0
6
2589
1
0
2589
0
3
2209
1
0
1
59
0
3627
3
0
0
-1
2321
1
0
9
0
-1
-1
1
0
2321
1
65
9
1
0
4
59
61
64
65
0
733
16
0
0
-1
411
1
0
3
0
2
576
1
0
5
0
-1
8
1
0
7
0
3
10
1
0
8
0
1
76
1
0
10
0
-1
-1
1
0
76
0
0
77
1
0
77
0
3
78
1
0
78
1
59
413
1
0
411
2
0
0
10
4
1

0

0

0

0

0

0

0

0

0

0

-0.00304612,0.000550369,-0.00139339,0.00580049,-0.00753968,-0.00895649,0.00544222,-0.000863982,-0.00640337,-0.00443658,
0

0.0066359,-0.00835953,-0.00225559,0.00700632,0.00833315,-0.00208643,-0.0102461,-0.00571773,0.00108925,-0.00396331,
0

-0.000301778,-0.000699757,-0.00601511,-0.00505215,-0.00882804,-0.00712443,-0.00972306,0.00145725,0.00713814,0.00210251,
0

-0.00595329,0.000829259,0.00912293,-0.00273589,0.00730825,-0.00212275,0.00567164,-0.00536865,-0.00176813,0.000250895,
0

0.00604282,0.00640575,-0.00101822,0.00343677,-0.00537063,0.00795945,-0.00676917,-0.000802032,0.00135397,-0.00957568,
-0.00342091,-0.000509388,-0.0104218,-0.00910559,
0
0,0,0,0,0,0,0,0,0,0,
0,0,0,0,
0,
0.00129931
5
78
1
0
413
1
62
3
1
0
576
2
2
1
63
0
0
4
63
413
62
2321
65
868
64
0
0
2
10
4
1
0.0704288,0.130155,
0.23988
0.0599008,0.0535217,
-0.0180541
0.226811,0.0271963,
-0.211158
0.0953908,0.0961683,
-0.0316592
-0.186991,0.33305,
-0.523072
0.129759,-0.000987215,
0.111564
0.0151199,-0.0420914,
0.162776
0.089992,-0.0176242,
-0.0223186
-0.224711,0.056498,
0.0570162
0.142534,-0.426459,
-0.0998536
0.00415828,0.21061,
-0.0598792,-0.0917686,-0.000323512,-0.290068,-0.446952,-0.180091,-0.0634201,-0.0188244,-0.362244,-0.0608777,
-1.3841
-0.0887611,0.0584414,
-0.0933926,-0.105198,-0.078139,-0.0619952,-0.0639948,0.0239612,-0.0195341,-0.021939,-0.0799175,-0.140008,
0.252061
-0.0133919,0.401893,
0.0513744,-0.284561,-0.0811404,0.0653428,-0.264161,-0.064355,-0.123853,0.0676033,-0.161692,0.461847,
-0.562973
0.0260568,-0.0487929,
-0.0301348,0.0354707,-0.00223149,-0.0368083,-0.0326689,-0.0225217,0.0115292,0.00552857,0.0375618,-0.0620386,
0.136349
0.393885,-0.106953,
-0.262859,0.221603,-0.0230232,-0.0220673,0.268795,0.0451743,0.0589195,-0.13762,-0.0226362,-0.998325,
-0.589579,0.0776262,-0.436839,-0.0701207,
0.445543
0.144785,-0.0285299,-0.0770484,0.00903868,0.12422,-0.0239,0.0733473,-0.0377413,-0.0720306,-0.0346162,
-0.286998,0.130058,-0.140904,0.0963513,
0.129347,
0.000497957
7
577
1
0
577
0
6
618
1
0
580
0
1
581
1
0
581
1
62
7
1
0
618
0
6
580
1
0
3
59
61
62
0
6984
7
0
0
-1
1
1
0
1
0
2
2
1
0
2
0
1
3
1
0
3
1
61
4
1
0
4
0
0
5905
1
0
5905
0
6
5906
1
0
5906
0
-1
-1
1
0
2
59
61
0
1141
14
0
0
-1
973
1
0
2
0
1
6
1
0
3
1
64
2
1
0
4
1
61
3
1
0
6
1
64
7
1
0
7
0
-1
867
1
0
867
0
2
868
1
0
868
1
64
971
1
0
870
0
0
871
1
0
871
0
-1
972
1
0
971
1
66
870
1
0
972
1
66
974
1
0
973
1
66
4
1
0
974
0
-1
-1
1
0
4
59
61
64
66
0
2040
2
0
0
-1
1731
1
0
1731
0
-1
-1
1
0
3
59
61
64
0
3607
11
0
0
-1
3585
1
0
2242
0
-1
-1
1
0
2888
1
69
2889
1
0
2889
0
1
2890
1
0
2890
0
2
2891
1
0
2891
0
1
2892
1
0
2892
1
69
2893
1
0
2893
0
6
2894
1
0
2894
0
3
3583
1
0
3583
1
76
2242
1
0
3585
1
76
2888
1
0
2
69
76
0
1186
10
0
0
-1
1048
1
0
376
0
-1
1049
1
0
926
0
0
1047
1
0
1047
1
77
376
1
0
1048
1
77
926
1
0
1049
1
77
1050
1
0
1050
0
-1
1117
1
0
1117
0
1
1118
1
0
1118
0
2
1119
1
0
1119
0
-1
-1
1
0
2
67
77
0
3536
9
0
0
-1
2
1
0
2
0
6
3533
1
0
2812
0
0
2813
1
0
2813
0
6
2814
1
0
2814
0
2
2815
1
0
2815
0
-1
-1
1
0
3533
0
1
3534
1
0
3534
0
2
3535
1
0
3535
0
2
2812
1
0
0
0
2355
4
0
0
-1
2312
1
0
1803
0
-1
-1
1
0
2312
1
71
2313
1
0
2313
1
58
1803
1
0
1
71
21
49
50
51
52
53
54
55
56
57
58
59
60
61
62
63
64
65
66
67
68
69
198
11
0
0
-1
4
1
0
2
1
68
3
1
0
3
0
-1
191
1
0
4
0
1
5
1
0
5
1
60
2
1
0
7
0
-1
-1
1
0
160
0
3
161
1
0
161
0
4
162
1
0
162
1
58
189
1
0
189
1
78
7
1
0
191
1
78
160
1
0
1
78
21
49
50
51
52
53
54
55
56
57
58
59
60
61
62
63
64
65
66
67
68
69
138
12
0
0
-1
114
1
0
1
0
-1
4
1
0
2
1
62
3
1
0
3
1
63
1
1
0
4
1
59
5
1
0
5
0
1
134
1
0
7
0
-1
8
1
0
8
0
-1
-1
1
0
114
0
3
2
1
0
134
0
1
135
1
0
135
0
2
136
1
0
136
0
6
7
1
0
4
59
61
62
63
0
210
5
0
0
-1
3
1
0
1
0
0
206
1
0
3
1
56
1
1
0
4
0
-1
-1
1
0
206
0
3
4
1
0
4
49
50
54
56
0
145
11
0
0
-1
2
1
0
1
1
61
5
1
0
2
1
62
1
1
0
3
0
1
6
1
0
4
0
-1
7
1
0
5
1
72
3
1
0
6
1
72
4
1
0
7
0
-1
98
1
0
98
0
0
99
1
0
99
0
1
100
1
0
100
0
-1
-1
1
0
5
59
61
62
63
72
0
994
7
0
0
-1
4
1
0
1
0
-1
125
1
0
2
0
2
3
1
0
3
0
1
1
1
0
4
0
3
2
1
0
125
0
6
126
1
0
126
0
-1
-1
1
0
0
0
53
11
0
0
-1
2
1
0
1
2
0
0
10
4
1

-0.000200957

-0.00806196

-0.000632028

-0.00858199

-0.000126721

-0.00721352

-0.00761568

-0.00251214

-0.0062168

-0.000786856

-0.0301702,-0.0531847,-0.0496378,-0.0364606,-0.0164882,-0.0102164,-0.0712144,-0.00306704,-0.106654,-0.0297031,
-0.000618867

-0.010716,-0.0105912,-0.00115809,-0.0123975,-0.0199361,-0.0161025,-0.00066938,-0.00503497,-0.0224346,-0.00628793,
-0.0016966

0.0051291,0.00071656,-0.00301756,0.00111476,-0.0101637,-0.00671649,-0.00633097,0.00484384,-0.0157683,-0.00803555,
-0.00363926

-0.00430141,-0.0146633,-0.0109752,-0.00959092,-0.0024052,-0.00655215,-0.0122596,-0.00394821,-0.00917579,-0.00272522,
-0.0139563

-0.0290785,-0.0365507,-0.0445488,-0.00132192,-0.0232483,-0.00261512,-0.0508902,-0.00606319,-0.0870182,-0.0179189,
-0.123072,-0.026612,-0.0225788,-0.0132473,
-0.00762801
5.50747e-05,8.0243e-05,0.000162648,4.61128e-05,0.000100747,7.07618e-05,7.67426e-05,0,9.36082e-05,6.19787e-05,
1.22622e-05,0,0,-1.13597e-05,
4.79194e-05,
0.00014303
10
10
1
0
2
0
3
4
1
0
3
2
1
1
76
2
0
1
10
4
1
0.137488,
0.0640375
0.212392,
0.187311
0.150779,
-0.0939417
0.451035,
-0.162832
0.22179,
-0.156912
0.0844249,
0.00938924
0.069166,
0.181472
0.124647,
0.0111712
0.0353194,
0.122076
0.0600238,
0.0653252
-0.0528678,
-0.00694438,0.0138094,-0.00362463,-0.00883345,-0.00166387,-0.0124979,0.00132273,0.00916792,0.011505,-0.044522,
-0.0613215
-0.1828,
-0.0289872,0.0196749,-0.0315605,-0.00549153,-0.0508294,-0.0241124,0.00680565,-0.00628578,-0.00530278,-0.115593,
-0.329142
0.0994409,
-0.00495072,0.00510755,-0.0131551,-0.0208225,-0.00582164,-0.00398061,0.00128805,-0.00674544,0.00334904,0.0141002,
0.157774
0.0769468,
0.0537886,-0.00424263,0.00372923,-0.0204769,0.0131743,0.0199358,0.00169675,0.0331167,0.00938621,0.00426911,
0.110326
0.873756,
0.575286,-0.0326027,0.107464,-0.215149,0.21678,0.244524,0.115474,0.348678,0.0728474,0.0980023,
-0.0229292,-0.268452,0.0928924,0.0478415,
2.21219
-0.249867,0.179841,-0.0985521,-0.223721,-0.166069,-0.0380226,0.0687581,-0.171306,0.0449159,-0.158502,
0.0961568,0.0999111,0.105993,0.0753411,
0.167214,
-0.391036
10
6
1
0
4
0
6
3
1
0
5
2
1
1
76
2
0
1
10
4
1
0.00647555,
-0.0105756
0.117249,
-0.122605
0.217601,
-0.0391488
-0.00352871,
-0.903226
0.200716,
-0.579935
0.00526905,
-0.437504
-0.0598844,
-0.0692148
0.35289,
-0.434033
-0.0367678,
-0.136913
0.254052,
-0.41609
-0.0141725,
-0.0297702,-0.0862988,-0.035664,-0.113602,0.0561581,-0.362238,-0.0874099,-0.267946,-0.108764,-0.186143,
-0.545579
-0.000135769,
0.00022509,-0.00356645,-0.00896841,-0.0324575,0.032956,-0.122313,-0.0138545,-0.0211027,-0.0247566,-0.0440107,
-0.105212
0.153872,
0.01347,0.0827661,0.00213677,-0.0180709,-0.162795,-0.198877,-0.0219089,0.27994,-0.0937906,0.131795,
-0.434217
0.154319,
-0.00838669,0.00132321,-0.0168777,-0.0130865,-0.0315507,-0.183445,0.0111008,0.0272399,-0.0554083,0.0143937,
-0.333192
0.272862,
-0.0219973,-0.0486308,-0.0158595,-0.276376,-0.293017,-0.692004,-0.00365783,-0.18766,-0.288771,-0.462296,
-0.396081,-0.0253438,-0.261526,-0.167938,
-0.319181
-0.000364661,-0.0527759,0.119572,0.215743,0.00126725,0.000214998,0.0249225,-0.190302,0.0177002,0.0242634,
-0.204846,-0.0406526,0.0894615,0.0713501,
-0.306466,
0.00686993
10
9
1
0
6
0
2
8
1
0
7
2
2
1
76
6
0
1
76
3
-1
2
10
4
1
0.0168777,-0.015531,
-0.0987204
0.0832897,0.0795846,
0.496188
0.0764452,0.0368593,
0.219101
0.185464,0.00395118,
-0.0789241
0.0231026,-0.0150793,
-0.142709
0.0527149,-0.0191719,
0.071534
0.0279875,-0.113381,
-0.187277
-0.0234353,0.00492545,
0.136833
-0.113594,-0.168706,
-0.122429
0.0090762,-0.00880846,
0.0216132
0.13399,-0.0344589,
-0.0259506,0.00446465,-0.0711913,-0.0126312,0.00258154,-0.0530414,0.0395903,-0.0628136,-0.0876549,-0.0156958,
0.109126
0.116534,0.0941559,
-0.0106615,0.0356272,0.151723,-0.0291939,0.0183997,0.114437,-0.0694902,0.00366937,0.203252,0.0126503,
-0.187657
0.036824,0.100822,
-0.0359649,-0.047964,-0.176447,-0.0393801,-0.00289301,-0.112198,0.0537442,-0.130526,-0.208849,-0.0555715,
0.0287233
0.00574148,-0.0566393,
-0.0240372,-0.0339266,-0.120715,0.00576552,-0.00488765,-0.0742063,0.00640361,-0.0278069,-0.155152,-0.0393151,
-0.163849
0.0999027,-0.318584,
-0.143756,-0.323374,-0.0972528,-0.304719,-0.0265925,-0.0859628,0.179452,-0.190197,-0.0767409,-0.0180293,
-0.0410532,-0.0161308,0.126061,0.312113,
-0.109716
-0.164973,0.202171,0.194834,-0.0780604,-0.131296,0.0767635,-0.0734013,0.142867,0.0616647,0.0148917,
0.0506711,-0.178602,-0.0358272,-0.0926123,
0.0562229,
-0.189373
5
10
1
0
8
2
2
1
76
2
0
1
76
6
0
2
10
4
1
-0.0102217,0.00142431,
-0.133545
-0.0139551,0.0630359,
0.0344211
-0.413553,0.018209,
0.0544627
0.0620596,-0.160885,
0.037837
0.0649835,0.0185298,
-0.0290783
-0.134865,-0.0760413,
-0.0883644
0.182098,0.233349,
-0.096627
-0.0279332,-0.00766399,
0.0543107
0.182038,0.0546023,
-0.113107
0.303604,-0.109162,
0.176507
-0.086929,-0.0318483,
0.0317109,-0.155361,0.149402,-0.0544728,0.0189937,-0.0250389,0.0836702,0.0244194,0.0563171,-0.21159,
-0.321865
-0.0785627,-0.0203066,
0.0214812,-0.0850455,0.158048,-0.0435481,0.0255483,0.0167207,0.0684427,0.0267888,0.0606205,-0.106797,
-0.0931667
-0.359411,-0.042667,
0.128085,0.188164,-0.0848825,-0.0446284,-0.0200209,0.112997,-0.0949024,0.0278419,-0.056159,-0.120938,
-0.0717002
0.0383164,-0.00277672,
0.0252243,-0.154432,0.0269209,-0.0165177,0.00588829,-0.0579562,0.0166593,-0.0058263,0.00425717,-0.185179,
-0.413252
0.0710112,0.0857852,
-0.0912114,0.00165462,0.0673468,0.206702,0.03165,-0.00930435,0.157513,0.00355364,0.0425174,0.244737,
-0.59607,-0.164312,0.212155,-0.502784,
0.157313
-0.0298677,0.159483,-0.221221,-0.108664,-0.0268011,0.103387,-0.124069,-0.0375038,-0.111003,-0.169591,
-0.20931,-0.181151,0.394186,-0.146645,
0.384818,
0.0050441
7
10
1
0
9
0
2
1
1
0
10
0
-1
-1
1
0
1
69
0
152
8
0
0
-1
6
1
0
1
2
0
0
10
4
1

-0.00294631

-0.21254

-0.287585

-0.325871

-0.382517

-0.056834

-0.255318

-0.085746

-0.00486716

-0.00188014

-0.0133005,-0.0906741,-0.0508388,-0.0092024,-0.0259404,-0.0872461,-0.052801,-0.0315404,-0.0213036,-0.0214245,
-0.191816

-0.024929,-0.178166,-0.0652039,-0.0131364,-0.0275385,-0.0841385,-0.0625041,-0.0591819,-0.00703294,-0.0398995,
-0.0793647

-0.0599055,0.0445122,-0.0270315,-0.301836,-0.166561,-0.208637,-0.247817,-0.0935799,-0.286346,-0.0759857,
-0.984852

0.000932591,0.0251262,-0.0284856,-0.0555511,-0.0519305,-0.0566611,-0.0776645,-0.0419858,-0.0925466,-0.00871137,
-0.439966

-0.149369,-0.472381,-0.164387,-0.199481,-0.133207,-0.454515,-0.261735,-0.165104,-0.34214,-0.217446,
-0.0576603,-0.0932791,-0.0198906,-0.0193367,
-0.520024
0.000689959,0.00783737,-0.0244473,-0.0161673,-0.0159544,-0.0131085,-0.0133763,-0.0116112,0.0047442,0.000714358,
-0.00714779,0.00111221,0.162986,-0.0261326,
0.0443627,
0.00386389
3
5
1
0
2
0
2
3
1
0
3
0
-1
7
1
0
4
1
67
1
1
0
5
0
1
2
1
0
6
0
1
4
1
0
7
0
-1
-1
1
0
1
67
0
57
6
0
0
-1
1
1
0
1
1
68
2
1
0
2
1
51
3
1
0
3
0
3
4
1
0
4
0
4
5
1
0
5
0
-1
-1
1
0
0
21
49
50
51
52
53
54
55
56
57
58
59
60
61
62
63
64
65
66
67
68
69
2836
5
0
0
-1
1
1
0
1
1
22
2835
1
0
2745
0
-1
-1
1
0
2774
1
82
2745
1
0
2835
1
86
2774
1
0
3
81
82
86
78
1
2
3
4
5
6
7
8
9
10
11
12
13
14
15
16
17
18
19
20
21
22
23
24
25
26
27
28
29
30
31
32
33
34
35
36
37
38
39
40
41
42
43
44
45
46
47
48
49
50
51
52
53
54
55
56
57
58
59
60
61
62
63
64
65
66
67
68
69
70
71
72
73
74
75
76
77
78
1876
13
0
0
-1
809
1
0
7
0
-1
-1
1
0
809
0
0
1821
1
0
1821
1
79
1822
1
0
1822
1
18
1823
1
0
1823
1
79
1824
1
0
1824
1
70
1825
1
0
1825
1
79
1826
1
0
1826
1
79
1829
1
0
1829
1
79
1830
1
0
1830
0
4
1831
1
0
1831
1
79
1832
1
0
1832
1
79
7
1
0
1
79
78
1
2
3
4
5
6
7
8
9
10
11
12
13
14
15
16
17
18
19
20
21
22
23
24
25
26
27
28
29
30
31
32
33
34
35
36
37
38
39
40
41
42
43
44
45
46
47
48
49
50
51
52
53
54
55
56
57
58
59
60
61
62
63
64
65
66
67
68
69
70
71
72
73
74
75
76
77
78
450
6
0
0
-1
1
1
0
1
0
2
5
1
0
2
1
12
433
1
0
5
0
6
2
1
0
6
0
-1
-1
1
0
433
0
1
6
1
0
0
78
1
2
3
4
5
6
7
8
9
10
11
12
13
14
15
16
17
18
19
20
21
22
23
24
25
26
27
28
29
30
31
32
33
34
35
36
37
38
39
40
41
42
43
44
45
46
47
48
49
50
51
52
53
54
55
56
57
58
59
60
61
62
63
64
65
66
67
68
69
70
71
72
73
74
75
76
77
78
446
7
0
0
-1
4
1
0
1
1
77
2
1
0
2
0
-1
3
1
0
3
0
-1
6
1
0
4
2
0
0
10
4
1

-0.320589

-0.283144

-0.358802

-0.378473

-0.200135

-0.00252225

-0.191517

-0.730525

-0.0685431

-6.21641e-05

-0.0150455,-0.0326314,-0.00485858,-0.0341029,-0.0480709,-0.144144,-0.0138304,0.0543952,-0.202012,-0.0708188,
-0.618114

-0.0686933,-0.0667049,-0.109809,-0.09391,-0.0644348,-0.0247859,-0.069104,0.0861075,-0.261815,-0.0326854,
-0.696958

-0.021806,-0.0278104,0.00266833,-0.0316492,-0.0402585,-0.127911,0.00467556,0.029632,-0.185812,-0.0707409,
-0.535599

-0.0222484,-0.0158138,0.000944638,-0.0332054,-0.0205017,-0.0851823,0.0188421,0.0395887,-0.105995,-0.0517146,
-0.382612

-0.0265259,-0.0307059,-0.0841775,-0.0231053,-0.0896683,-0.0540097,-0.0405005,-0.0231914,-0.321919,-0.0389183,
-0.0161532,0.0486985,-0.0347167,0.00403719,
-0.477891
-0.0562344,0.00643696,0.0821685,0.00230914,-0.00542998,0.00201711,0.0304305,-0.0637335,0.0088761,0.000934787,
0.0632994,-0.0376961,0.0576447,0.0450707,
-0.00114803,
0.00730075
1
6
1
0
6
1
12
8
1
0
8
0
-1
-1
1
0
1
81
78
1
2
3
4
5
6
7
8
9
10
11
12
13
14
15
16
17
18
19
20
21
22
23
24
25
26
27
28
29
30
31
32
33
34
35
36
37
38
39
40
41
42
43
44
45
46
47
48
49
50
51
52
53
54
55
56
57
58
59
60
61
62
63
64
65
66
67
68
69
70
71
72
73
74
75
76
77
78
13
13
0
0
-1
7
1
0
1
0
-1
12
1
0
2
1
24
4
1
0
3
1
2
8
1
0
4
1
80
1
1
0
5
1
79
9
1
0
6
1
77
2
1
0
7
1
10
5
1
0
8
2
1
3
83
7
10
5
8
6
-1
1
10
4
1
-0.0108266,
-0.215465
-0.152198,
-0.544133
-0.112373,
-0.236327
0.777005,
0.10264
0.0430928,
-0.26579
-0.462555,
-0.101925
-0.265878,
-0.490516
-0.12119,
-0.199079
-0.315532,
-0.334385
0.248718,
-0.0474931
-0.511261,
0.0291634,-0.054435,-0.01528,-0.0417118,0.000575766,0.315319,0.0773906,0.0145748,0.058173,-0.0847491,
0.510527
-0.121998,
-0.113911,-0.0300654,-0.0735945,-0.120508,-0.0238983,-0.0113004,0.0239057,-0.0986598,-0.132964,-0.174637,
-0.315323
0.0542056,
0.017281,0.0528904,-0.0267601,-0.00793036,-0.0335857,-0.0687718,0.0187613,-0.0278219,-0.0361875,-0.0664104,
-0.419975
0.013142,
0.0555562,-0.132704,0.0572532,-0.00993219,-0.11641,-0.00421192,-0.0249352,-0.0451748,0.11589,0.0136463,
0.0957432
-0.558087,
-0.072334,-0.150479,-0.127659,-0.16108,-0.0435296,0.270321,-0.0420587,-0.0376713,-0.0170221,-0.114272,
-0.284264,0.10496,-0.0533425,-0.22623,
0.254468
-0.100935,-0.243096,-0.0759645,0.186965,-0.0408326,-0.141898,-0.137943,0.0743275,0.11496,0.0146024,
0.192181,0.0122972,-0.114706,0.00276986,
-0.00379802,
-0.139284
12
6
1
0
9
1
47
10
1
0
10
1
13
11
1
0
11
1
44
3
1
0
12
0
-1
-1
1
0
2
79
80
78
1
2
3
4
5
6
7
8
9
10
11
12
13
14
15
16
17
18
19
20
21
22
23
24
25
26
27
28
29
30
31
32
33
34
35
36
37
38
39
40
41
42
43
44
45
46
47
48
49
50
51
52
53
54
55
56
57
58
59
60
61
62
63
64
65
66
67
68
69
70
71
72
73
74
75
76
77
78
14
11
0
0
-1
1
1
0
1
0
-1
3
1
0
2
0
-1
4
1
0
3
1
21
2
1
0
4
1
21
5
1
0
5
1
21
6
1
0
6
0
6
8
1
0
7
0
2
9
1
0
8
1
20
7
1
0
9
0
0
10
1
0
10
0
-1
-1
1
0
2
20
21
0
11
11
0
0
-1
6
1
0
1
1
37
7
1
0
2
0
3
4
1
0
3
0
2
2
1
0
4
1
42
9
1
0
5
0
-1
10
1
0
6
0
6
1
1
0
7
1
35
3
1
0
8
1
45
5
1
0
9
1
48
8
1
0
10
0
-1
-1
1
0
2
45
48
14
30
31
32
33
34
35
36
37
38
39
40
41
42
43
19
6
0
0
-1
3
1
0
1
1
81
4
1
0
2
0
-1
5
1
0
3
1
82
1
1
0
4
1
82
2
1
0
5
0
-1
-1
1
0
2
81
82
78
1
2
3
4
5
6
7
8
9
10
11
12
13
14
15
16
17
18
19
20
21
22
23
24
25
26
27
28
29
30
31
32
33
34
35
36
37
38
39
40
41
42
43
44
45
46
47
48
49
50
51
52
53
54
55
56
57
58
59
60
61
62
63
64
65
66
67
68
69
70
71
72
73
74
75
76
77
78
128
0
