9
0
102
33
0
1
2
5
0
0
0
2
0
0
0
1
0
6
0
0
0
2
0
2
0
0
0
3
0
2
0
0
0
5
0
2
0
0
3
0
0
2
2
0
2
3
0
2
0
0
0
0
0
-1
1
0
-1
0
0
2
1
92
1
0
0
0
0
0
0
1
0
0
0
0
0
0
0
0
1
3
1
91
10
1
0
0
-1
-0.218378
0.681783
0
1
0
2
0
0
0
2
0
4
0
0
0
3
0
1
0
0
0
4
0
3
0
0
0
5
0
6
0
0
0
6
0
5
0
0
0
7
0
7
0
0
0
8
0
0
0
0
0
9
0
8
0
0
6
1
0
2
2
0
4
3
0
1
4
0
3
5
0
6
6
0
5
0
0
0
0
0
2
4
1
90
5
1
0
0
-1
0
0
1
1
0
-1
0
0
1
2
0
-1
0
0
0
3
0
6
0
0
0
4
0
7
0
0
1
3
0
6
0
0
0
0
0
3
5
1
83
3
1
0
0
-1
0
0
1
1
0
-1
0
0
1
2
0
-1
0
0
0
0
0
0
0
0
4
6
0
-1
3
0
6
-1
1
1
0
7
-1
0
0
0
8
-1
8
3
5
7
0
0
0
6
8
0
0
2
0
1
-1
14
1
0
0
-1
13
0
7
9
0
-1
0
8
10
1
3
0
0
0
0
0
0
0
9
11
0
2
0
10
12
2
0
0
-0.2905
-0.894
0
9
11
13
0
1
0
12
14
0
-1
0
13
15
0
0
0
14
16
0
-1
0
15
17
0
-1
0
16
18
0
-1
0
17
19
0
0
0
18
20
0
-1
0
19
21
1
83
3
1
0
0
-1
0
0
1
1
0
-1
0
0
1
2
0
-1
0
0
0
0
0
0
0
0
20
22
1
158
1
1
0
0
-1
-0.888684
-0.279036
0
0
0
0
0
0
21
23
2
0
0
0.422
0.509
3
0
0
0.406229
-4.21604
0
4
-0.333597
0.66448
0
5
0.353359
0.261083
21
22
24
0
1
0
23
25
0
0
1
0
3
-1
14
1
24
26
0
1
0
25
27
1
38
3
1
0
0
-1
0.8331
0.526781
1
1
0
-1
-0.797645
-0.862148
1
2
0
-1
0.578991
0.112883
0
0
0
0
0
0
25
28
0
0
0
27
29
2
0
0
0.0585
-0.94
1
0
3
0.681671
-0.0579527
26
28
30
0
1
0
29
31
1
0
1
0
2
0
3
0
0
1
2
0
3
0
0
0
0
0
30
32
0
-1
0
31
32
