15
0
68
39
0
0
-1
1
0
11
-1
3
0
-1
1
1
3
0
0
0
0
0
0
0
0
2
0
2
0
1
3
2
0
0
-0.2905
-0.894
0
0
2
4
0
1
0
3
5
0
-1
0
4
6
0
0
0
5
7
0
-1
0
6
8
0
-1
2
0
8
-1
1
1
0
9
-1
0
0
7
9
0
-1
0
8
10
0
0
0
9
11
0
-1
0
10
12
1
83
3
1
0
0
-1
0
0
1
1
0
-1
0
0
1
2
0
-1
0
0
0
0
0
0
0
0
11
13
0
-1
4
0
8
-1
1
1
0
9
-1
0
0
0
10
-1
8
3
0
7
2
12
2
12
14
0
0
0
13
15
0
0
2
0
5
-1
14
1
0
6
-1
13
0
40
16
0
1
0
15
17
1
38
3
1
0
0
-1
0.8331
0.526781
1
1
0
-1
-0.797645
-0.862148
1
2
0
-1
0.578991
0.112883
0
0
0
0
0
0
15
18
0
0
0
17
19
2
0
0
0.0585
-0.94
3
0
5
0.681671
-0.0579527
0
6
0.26669
0.0368791
0
7
-0.175522
-0.0314379
16
18
20
0
1
1
0
6
-1
13
2
19
21
1
0
11
0
2
0
5
0
0
0
6
0
12
0
0
0
7
0
11
0
0
0
8
0
0
0
0
0
9
0
3
0
0
0
10
0
13
0
0
0
11
0
10
0
0
0
12
0
6
0
0
0
13
0
14
0
0
0
14
0
2
0
0
0
15
0
1
0
0
8
2
0
5
7
0
11
8
0
0
9
0
3
12
0
6
13
0
14
14
0
2
15
0
1
0
0
0
0
0
20
22
0
2
0
21
23
2
0
0
0.062
-0.982
2
0
2
0.354099
-0.0156907
0
3
0.519434
-0.00878948
21
22
24
1
2
4
0
0
0
2
0
0
0
1
0
1
0
0
0
2
0
3
0
0
0
5
0
0
0
0
2
0
0
2
2
0
3
0
0
0
0
0
23
25
1
3
0
0
0
0
0
0
0
24
26
0
2
0
25
27
2
0
0
-0.2905
-0.894
2
0
1
0.701945
-0.0875392
0
2
0.116599
-0.036195
24
26
28
0
1
6
0
1
-1
1
0
0
2
-1
0
1
0
3
1
8
1
0
0
0
14
0
0
0
1
14
3
0
4
-1
12
1
27
29
0
-1
0
65
32
0
1
0
42
39
1
158
3
1
0
0
-1
-0.888684
-0.279036
0
1
0
11
0
0
0
2
0
6
0
0
0
0
0
0
0
0
43
40
2
1
127
40
1
0
0
0
14
32
41
3
0
127
12
42
2
1
127
42
0
0.422
0.509
5
0
0
0.406229
-4.21604
0
1
-0.333597
0.66448
0
2
0.310113
-1.0413
0
3
0.377543
2.95193
0
4
0.353359
0.261083
41
39
43
3
0
127
12
64
1
281
0
0
0
0
0
0
0
66
65
2
3
148
1
22
71
127
65
1
0
0
0
28
64
66
3
0
127
0
29
