2
1.46992
0
1
0
18
18
0
0
12
1
4
-1
2
5
6
2
1
6
5
1
7
3
3
25
10
4
1
0.00543165,0.0075188,0.00594369,-0.00345817,0.0104679,0.0187675,0.00219512,-0.0069171,0.00149149,-0.00431612,0.000699892,0.00196399,0.00139221,-0.010817,-0.00702885,-0.000403064,-0.00562001,0.00499476,0.00633609,-0.00400678,0.00599991,0.0123397,0.0181205,0.00264093,0.00891227,
-0.000902397
-0.00630733,0.00919215,-0.00140003,0.0069956,0.00918869,-0.00374418,-0.00929173,-0.00288421,-0.00206977,-0.00109329,0.00453217,0.00257249,-0.00134668,0.00423102,0.00937554,0.0037174,0.00305008,-0.00341843,-0.00530838,0.00201991,0.00343806,0.0031971,0.00680353,-0.00977664,-0.00878113,
0
0.0058915,0.00837831,-0.00720457,-0.00928905,-0.00405614,-0.00028688,0.0011619,-0.00301127,-0.00560794,-0.00829165,0.00758433,-0.00387683,0.000298857,-0.00936896,-0.0010095,0.00446522,0.00210898,0.00785577,-0.00906528,-0.00545401,-0.00725214,0.0083197,-0.00551113,9.51054e-05,0.000378992,
-5.76305e-05
-0.0126324,-0.00770356,-0.0128045,-0.00518803,-0.00103625,-0.0118888,0.00740144,0.00785837,0.0105254,0.00633406,0.000644632,-0.00152559,0.0089073,-0.00435287,-0.00409885,-0.0075621,-0.0018553,0.0101295,-0.000380212,-0.000792066,-0.0110184,0.00278989,-0.012569,-0.0153049,-0.00519039,
0.00057762
0.000150875,-0.00127471,-0.00255127,0.0163704,0.0126181,0.013882,-0.00260595,0.00211906,-0.00382851,-0.00195945,0.0118088,-0.00221268,-0.00884307,0.00148964,0.00617219,0.0132841,0.00421194,0.00818701,-0.00640183,-0.0078973,0.013252,0.01822,0.00566596,0.000605086,-4.15454e-05,
-0.000798114
-0.0155736,-0.00935039,-0.00348386,-0.0153133,-0.0132843,-0.00415285,0.00174662,-0.00272168,-0.00756452,0.00866189,-0.00172372,-0.000353743,0.00731503,0.000521362,0.010418,-0.00260667,-0.00224621,0.00765151,0.000715917,-0.00788504,-0.012757,0.00254727,0.000648465,-0.0113522,-0.014439,
0.000571319
-0.00169388,0.00138014,-0.00301073,-0.000353061,0.0049981,0.0158124,0.00531144,0.00791217,-0.00549799,-0.000542359,0.00203436,-0.00754664,0.000956172,-0.00964651,0.00191774,0.00496217,0.00388571,-0.00248454,-0.00235073,-0.000873718,0.011194,0.0113092,9.84295e-05,0.0143841,0.0156922,
-0.000763207
-0.00307499,-0.00921112,-0.0034298,0.00455365,-0.00243784,-0.0118665,-0.00716981,-0.00495781,0.0020993,-0.00141431,-0.00690868,-0.0002788,0.00273361,0.00881924,-0.00433118,0.00284518,-0.00437838,-0.00180136,0.00105745,0.00752753,-0.00124789,-0.0119972,-0.00201172,0.00287095,-0.0116321,
0.00020461
-0.000880273,-0.00209545,0.00478727,0.00892515,-0.0072775,-0.00261064,-0.00581137,0.00914117,0.00516252,-0.00259076,0.00754295,0.00840283,0.00346269,0.00110277,-0.00311066,-0.00656521,0.00773833,-0.00893117,0.00298994,-0.00142895,0.00509657,0.00631465,0.00255568,0.00518963,-0.00170007,
0
0.00628291,-0.00868233,-0.00577919,-0.00549588,-0.0087067,0.0109858,-0.00100241,-0.00462388,-0.00718293,-0.0024524,-0.00228862,0.00862152,0.0008818,-0.00364968,0.00390231,-0.00725365,-0.00342197,-0.00728159,-0.000460467,0.00939356,0.00190931,0.000586004,-0.00553462,-0.00403657,0.000666478,
-0.000101436
0.00540073,-0.00802144,0.00959386,0.00571848,-0.00714837,-0.00955139,0.00170641,0.00863455,0.00846002,-0.0100502,-0.00795388,-0.00133455,0.00992402,-0.00599639,-0.00040312,-0.00021415,-0.000776128,-0.00857564,0.0051307,-0.00455662,0.00324453,-0.00162756,0.00314274,0.00555954,-0.00836817,
0.00400768,0.00657522,0.00884605,-0.00983221,-0.00960697,0.00511859,-0.00855874,0.00494477,0.00985442,-0.00521762,
0.000128123
-0.00132132,0.00118399,-0.00814258,-0.00493695,-0.000632933,-0.000463495,-0.00166975,-0.00596573,0.000973904,-0.00177945,0.00834924,-0.00349396,-0.00951284,-0.00278645,0.00645109,-0.00747531,-0.00900178,-0.00015952,0.00212292,-0.00780252,0.0062212,-0.00835631,-0.00308451,0.00235044,-0.00262275,
-0.00458694,0.00358441,-0.00425951,0.000500075,-0.00311346,0.00705628,0.0068429,0.00864341,-0.0022302,-0.00169677,
-5.62753e-05
0.00877213,0.00469541,0.00824892,0.00501575,0.00873885,-0.00599861,0.00286535,-0.00797463,0.00402836,-0.00632729,-0.0103559,-0.00512367,0.00571293,-0.00323098,-0.0062242,-0.00226231,0.00502296,-0.00470257,0.00978384,-0.000649996,-0.00396639,-0.00185071,-0.00293689,-0.00012145,0.00373312,
-0.00491297,0.00549806,0.00186791,0.00501197,0.00160034,0.00795945,-0.00479753,0.00358765,-0.00863384,0.00720514,
7.44015e-05
0.0111466,0.00195954,0.00695818,-0.00339051,-0.000221268,0.0121979,0.000164192,-0.00501923,0.000639466,0.00570438,0.00377816,-0.00670587,0.00411912,-0.00115985,0.00119473,-0.000686706,-0.00593643,0.00132837,0.00363642,-0.000233845,0.00117506,0.0126364,0.0164326,0.00534963,0.0125226,
-0.00995854,0.00889359,0.00663114,0.00396898,-0.00163294,0.00651457,0.00729805,0.00896453,-0.00423761,0.0048277,
-0.000789428
0.00868399,-0.0118233,-0.00908165,0.00423393,-0.0057001,0.0101332,0.00358105,0.0107251,0.00151246,0.0110407,0.00758136,0.000734668,-0.00835949,-0.00327296,0.00292516,0.0093875,0.00407214,-0.00182148,-0.00544933,-0.00269114,0.00203257,0.0017725,0.00455823,-0.00187186,-0.00161483,
-0.000477039,-0.00620959,-0.00487378,0.00290816,-0.00946924,0.00963868,0.00908209,-0.00819204,-0.00813166,0.00943343,
0.00553774,-0.00120042,-0.00253513,-0.000169245,
9.33276e-05
0.00374309,0.00162584,0.00170716,-0.00666658,0.00696711,-0.00753078,0.00528588,-0.00413874,-0.00165423,-0.0022092,
-0.00356647,-0.0012554,-0.00242378,0.00413825,
0.00986119,
-0.01
6
7
1
4
4
4
3
2
15
16
5
4
1
1
2
6
4
1
1
3
7
4
2
1
3
8
1
4
13
1
17
9
1
2
14
1
13
10
1
5
15
1
14
11
3
25
10
4
1
0.00728099,-0.00426183,-0.00928289,0.00935888,0.0045439,0.00997256,0.000684757,-0.00194949,-0.000138072,-0.00356079,0.00700341,0.00377171,0.00309033,-0.00735598,-0.00672652,0.00179678,0.00867086,-0.00535081,0.00364648,0.00491766,0.00547434,5.92354e-05,-0.00919128,0.00917552,0.000773549,
0
-0.00736611,0.00156382,-0.00435912,0.00310477,-0.00630585,0.0027594,-0.00854315,-0.00440976,-0.000360818,4.62465e-05,-0.000327534,-0.00974015,-0.00220651,0.00536611,-0.00864242,0.00711071,0.000677365,-0.00648546,-0.00728293,-0.00327307,0.000121996,0.000792916,-0.00227251,0.00271734,0.00572005,
-2.37496e-05
0.00952977,-0.00903112,0.000982306,0.00752243,-0.00125401,-0.00242676,-0.00166585,-0.00339474,-0.00375194,0.00665111,0.000323156,0.00442603,-0.00554734,-0.00145373,0.00044253,-0.00645839,-0.0087875,0.0049386,0.00955027,-0.00522646,0.00283017,-0.0059103,0.00879477,-0.00720544,0.00714306,
2.13138e-05
-0.00221451,-0.0044413,0.00213231,0.000428908,0.00555669,0.00450163,-0.00851396,-0.00681345,-0.00795675,0.00930871,-0.001063,0.00915799,0.00275536,-0.0100263,-0.00752053,0.00564918,-0.00700305,0.0083145,-0.00323781,-0.0028938,0.00852623,-0.00484098,0.00226267,0.00276277,0.00720869,
-8.71451e-05
0.00292979,-0.00283523,0.00191268,-0.00175941,0.00880635,0.00185024,-0.00302368,0.00496406,-0.00309885,0.00832999,-0.000269479,0.0024831,-0.00435102,2.2987e-05,-0.00798579,0.00841235,-0.0014953,-0.00686452,0.00455816,-0.0063168,0.00116619,-0.000556471,-0.00795677,-0.00615431,-0.00913051,
0.000103362
0.00810026,-0.00824716,0.00531716,0.000612234,-0.00380662,0.00653457,0.00377715,0.00861961,-0.00262826,0.00448431,-0.0059146,0.00615835,0.000666156,0.0055623,0.00669236,0.00256586,0.00875102,-0.00120422,0.00720478,-0.00447287,-0.00931218,0.00835743,0.0100407,0.00866071,-0.00852532,
-5.02413e-05
0.00391362,0.00783731,0.00486063,0.00822335,0.00494753,-0.00444626,0.00524673,-0.00836449,-0.00361234,0.00169454,0.00955475,0.00476912,0.00792791,0.00877562,-0.0106565,-0.00659093,-0.0101814,-0.00240398,0,0.0087673,-0.00191578,-0.00292431,-0.000692463,-0.00221993,0.00214142,
-0.000272425
-2.7747e-05,0.00340442,0.00394574,-0.00203778,-0.00971476,-0.00343824,-0.00238557,0.00245536,0.00888206,-0.00306495,-0.00610322,0.00961816,-0.000192089,-0.00704213,0.00559511,-0.00468534,0.00760817,0.00138634,0.00826355,-0.00871964,-0.00158563,0.00859096,0.00399637,0.00708869,0.00115527,
-8.04087e-05
-0.00768576,-0.00285358,-0.00149547,-0.00716579,-0.00761466,-0.00205596,0.00329133,0.00695175,-0.000720107,-0.00372416,0.000520729,0.00674111,-0.00706836,0.00974014,0.0011645,-0.000885134,-0.00525629,-0.0018189,-0.00958047,-0.00872326,-0.00239688,0.000206359,-0.00688785,-0.0090007,0.00168421,
7.94095e-05
0.0026511,0.00846176,0.00495927,0.00379484,0.00591236,0.0117931,-0.00176558,0.00431928,-0.00930187,0.00407306,0.0157617,0.00254255,-8.02477e-05,-0.00538297,0.00247383,0.000557134,-0.010834,-0.000969166,-0.00271041,-0.00731855,0.000811861,0.0139295,0.0116999,0.0124392,0.0103854,
-0.00109941
-0.00277077,0.00740493,-0.00430586,-0.0032316,0.00717397,0.00901458,-0.000745807,0.00424597,-0.000681648,-0.00123615,0.00894015,-0.00349859,0.00324415,0.00903114,-0.00140046,-0.00093338,0.0022606,-0.00869281,-0.00841789,0.00278453,-0.00303419,0.00663641,0.0066234,-0.00396274,-0.00455105,
-0.00902322,-0.00597775,-0.00290536,-0.000618147,-0.00683769,-0.00404376,-0.00633578,-0.000355701,-0.00425383,-0.00105817,
-1.72408e-05
0.00749201,-0.00817953,-0.00817022,-0.000881465,0.00274324,0.00456129,0.000463945,-0.00725153,-0.00375625,0.00747356,0.00857617,0.00529029,-0.00890688,0.00613232,-0.00526361,-0.00193405,-0.00411639,0.00706217,-0.0030348,-0.000800078,0.0039361,0.00229827,0.0071197,-0.0090705,-0.0115969,
0.001778,0.00505966,-0.00239736,-0.00229218,-0.00348919,-0.00171141,-0.00126597,0.00244594,-0.000678935,-0.00192539,
-8.50555e-05
-0.0024258,0.00200197,-0.00236268,0.00192661,0.0104294,-0.0112144,-0.00292765,0.00916194,-0.0019602,0.00413898,-0.0126714,-0.00289864,-0.00625261,0.00145417,-0.00272949,-0.00144879,-0.000340779,0.00203723,0.00949419,0.0097008,-0.0131695,-0.0158815,-0.0107399,-0.0110461,-0.0194228,
-0.00553145,-0.00177533,0.00678215,-0.00268799,-0.00242932,-0.00232152,-0.00732696,-0.00476434,0.00303636,-0.00920726,
0.000998162
0.0105679,-0.00964314,-0.00133435,-0.00392672,-0.0104486,0.00501586,-0.00492388,0.00467826,-0.00214681,0.00552635,0.0130435,-0.00406828,-0.0043693,0.00507689,0.00574619,-0.000804291,-0.000233268,0.00359081,-0.00458327,0.00169808,0.00636174,-0.00439136,0.00287707,0.0038321,0.00772837,
-0.00683643,-0.00389214,0.00764303,-0.000809365,0.00994351,0.00848279,0.000928017,0.00110614,-0.00746196,0.00376393,
-0.00053919
-0.00100368,-0.00128408,-0.00600596,0.00278517,-0.00298389,-0.00442214,-0.0108589,-0.0101946,-0.00315119,-0.00135818,-0.00422081,-0.00946009,0.00375982,-0.00315962,-0.00536304,0.00503933,-0.00353889,0.00686654,-0.00767215,0.000702379,0.00380737,0.00201382,0.00158003,-0.0108452,0.00185231,
-0.00720077,0.00603072,0.00120354,-0.000438123,0.00605384,0.00930371,-0.00466879,-0.000738192,0.00738011,-0.00302794,
-0.00433715,0.00899414,-0.00635809,-0.00736122,
-0.00090516
0.00212174,-0.0023179,-0.00174145,-0.00938407,-0.00113638,0.00265729,-0.0010135,-0.00941554,-0.0018938,0.0067855,
0.00752905,-0.00799141,-0.00520961,0.00147934,
-0.00833751,
-0.01
16
17
1
12
12
4
11
1
0
13
4
9
1
8
14
4
10
1
9
15
4
4
1
10
16
4
4
1
11
17
4
8
1
11
0
5
16
1.4433
0.649648
1
1
0
0
1
11
-1.89175
5.33068
1
1
0
0
1
10
-2.30412
5.62352
1
1
0
0
1
9
-2.6701
5.79677
1
1
0
0
1
3
1.86598
0.754763
1
1
0
0
1
8
1
1e-05
1
1
0
0
1
12
1.51546
0.51998
1
1
0
0
1
7
-2.25773
5.52273
1
1
0
0
1
14
-0.03
0.99955
1
1
0
0
1
-1
-1.50515
5.17453
1
1
0
0
1
23
-2.85052
5.77261
1
1
0
0
1
1
1.48454
0.558226
1
1
0
0
1
13
-1.72165
5.43991
1
1
0
0
1
5
-2.55155
5.69318
1
1
0
0
1
20
1.80928
0.752807
1
1
0
0
1
6
1.76804
0.74114
1
1
0
0
1
18
10
4
1
0.0018176,-0.00342873,0.00597373,-0.0119397,0.00487469,-0.00926821,-0.00111995,0.000130499,-0.00146709,0.00677576,0.00438879,-0.00792326,-0.00905313,0.00584085,0.00638782,0.00552782,
-0.00142795
0.00524555,0.00293476,0.00479454,0.00543712,-0.0064263,0.00542028,0.00249449,0.00293915,0.0270168,0.0168021,0.0191744,-0.00713104,0.00565215,0.0189062,0.0187508,-0.0208915,
0.0177621
0.00858373,-0.00934992,-0.00673134,0.00423892,0.00552065,0.00367667,-0.00755141,-0.00120164,-0.00572177,0.00569344,0.00860577,-0.00381858,0.0114816,0.00771769,-0.00474588,0.00782097,
0.0019282
-0.000764993,-0.00727291,-0.00279841,0.00429704,0.00314546,-0.00676647,-0.00698241,-0.00978631,0.000184029,-0.0164563,0.0039658,0.0036128,-0.00340678,-0.0088432,0.00444188,-0.000833346,
-0.00191525
-0.00828215,-0.00348137,-0.00362648,-0.00169089,0.00072618,0.0111371,-0.00554499,0.00939745,-0.0071203,0.00805325,0.0130083,-0.0043345,-0.00550014,0.00212927,0.00888314,-0.0205637,
0.0127109
0.023524,0.0125791,0.0154198,0.0110128,0.000938787,-0.00413336,0.00675812,0.0177483,0.0405998,0.013965,0.0148036,-0.0201909,0.00883645,0.0441875,0.0174124,-0.0261675,
0.0366939
0.0117682,0.00502545,0.01722,0.0232671,-0.0154596,-0.00469183,-0.00564349,0.0163093,0.0115798,0.0132186,0.00237234,-0.0204145,0.00903973,0.0357861,0.0175421,-0.00708687,
0.0466913
0.000912613,-0.0854419,-0.0473338,-0.0631292,0.0206536,-0.0261625,0.0203445,-0.0585807,0.0415796,-0.0942504,-0.102142,0.0158766,-0.0454667,-0.103165,0.0144581,0.0120447,
0.0372391
-0.00619592,-0.00281281,0.00790356,0.00687238,0.0100843,0.00404536,0.00199029,0.00741127,0.00483944,-0.0134849,0.00430688,0.00653184,0.00497564,-0.0067788,0.00209154,0.0054801,
-0.00054059
-6.08567e-05,-0.0255457,-0.0155656,-0.0214278,0.000980652,-0.0151085,0.0188277,-0.0189083,0.00551058,-0.0143874,-0.0428062,0.0195686,-0.011704,-0.0213511,0.00195904,0.00203658,
0.00511576
0.00324924,-0.00177254,0.00878196,-0.00454513,0.00219214,0.00635541,-0.00259117,-0.00235679,-0.00562387,0.00190196,-0.00109406,-0.00205113,-0.00355067,0.000348288,-0.00454969,0.000148229,
0.00499599,-0.00501302,0.00410144,-0.00828157,0.00893913,-0.00862206,-0.00966525,-0.00895413,0.0034564,-0.00333566,
-0.00984065
-0.00212,-0.025856,-0.0106291,-0.0223109,0.010094,-0.0137953,0.00573966,-0.00949636,0.00987908,-0.0288043,-0.0355493,0.000708343,-0.01341,-0.0274866,0.00259957,0.00677573,
0.00503697,-0.00842706,0.00334818,0.00120594,0.00165261,-0.00986155,0.00696271,0.00799483,0.00209124,0.00184798,
0.00855651
-0.00137799,0.00483682,-0.00199478,0.00588475,-0.00519573,0.000131661,0.000308103,0.0130744,-0.00707262,-0.0112257,-0.000513497,-0.00518414,-0.00762175,-0.00813776,-0.00508023,0.00469894,
-0.00968432,0.00837113,7.46625e-05,-0.00117829,-0.00837487,-0.00470152,-0.00997787,0.00162807,0.00947627,0.00499973,
-0.00644491
0.00748253,0.00178696,0.011017,0.00908163,-0.00582313,0.00342395,-0.0101366,-0.00632997,-0.000651801,-0.00700887,0.00582339,0.00177854,0.0101238,0.0193016,0.00555745,0.00149839,
-0.00890811,0.00939487,0.009816,0.00651807,0.00783966,-0.00312248,-0.00729976,0.0022097,-0.00708714,-0.00940005,
0.00758384
0.0178318,0.0146929,0.011254,0.0177464,0.00520056,0.00698513,0.0111021,0.0182588,0.0470137,0.020973,0.0288151,-0.0211634,0.00491723,0.0443552,0.00476474,-0.0140368,
-0.00599104,0.00108325,0.00848771,0.00910331,-0.00341877,-0.000352168,0.00961981,0.00296395,0.00626353,0.00610432,
-0.00772985,0.00581867,0.00423677,0.00391903,
0.0399081
0.000625125,0.0448712,0.00793498,-0.0173431,0.0211584,0.0791035,0.0648535,-0.221153,-0.00218793,-0.066109,
-0.00371929,-0.0643795,-0.00796572,0.0214169,
0.0834465,
0.0452369
17
-0.2
4.47512
1
1
0
0
6
14
-0.0118107
0.00417452
1
1
0
0
3
0
-0.547945
4.6583
1
1
0
0
1
1
1.66667
0.699206
1
1
0
0
5
8
-0.46
0.887919
1
1
0
0
7
-1
-1.76852
5.27679
1
1
0
0
7
1
-0.288889
4.39253
1
1
0
0
6
22
-0.855457
4.88931
1
1
0
0
4
5
-0.244838
4.41527
1
1
0
0
4
14
-0.787037
4.8363
1
1
0
0
7
3
1.45
0.617117
1
1
0
0
5
18
1.49263
0.662372
1
1
0
0
4
18
-1.16438
5.09368
1
1
0
0
1
24
-0.561644
4.84835
1
1
0
0
1
15
1.62037
0.754218
1
1
0
0
7
16
-0.415929
4.49265
1
1
0
0
4
10
0.366667
3.74002
1
1
0
0
6
3
10
4
1
0.0055734,-0.0145924,0.00578877,0.00363014,-0.00058803,0.00331662,0.000381434,0.00281282,-0.00896428,-0.0065283,0.00781507,0.0186391,0.00139639,-0.00509829,-0.00357184,-0.00952743,-0.00924791,
0.00570034
-0.0180014,-0.0790901,0.00221522,-0.00368735,0.014612,-0.00452616,-0.0188098,-0.0296267,-0.0481927,-0.0180413,0.00340243,0.0302301,0.00695654,-0.00993227,-0.0290962,-0.036374,-0.00226768,
0.0286706
-0.00789825,0.00297381,0.000265442,0.000728578,-0.00660626,0.00750255,-0.00181344,0.0110779,0.00480826,0.00124061,0.00033817,-0.0112853,-0.00172617,0.00415725,-0.00275791,0.00744682,-0.00754466,
0.00518793
-0.00162106,-0.00434604,-0.00655191,0.00437891,-0.00854078,-0.00253097,0.00709974,0.0123218,0.0102177,-0.00703079,-0.00586123,-0.00788583,0.00564894,0.00389114,-0.000951856,0.00790925,0.00430556,
0.00358136
0.00515455,0.00136781,0.00470838,0.00107546,-0.00272513,0.00378487,0.00721774,0.00182621,0.00157914,-0.00324809,-0.00859233,0.00200284,-0.00464063,0.0110681,-0.00172884,0.00249693,0.00685681,
-0.00316424
0.00145506,0.0111547,0.00641353,0.00566489,-0.00445575,0.00943737,0.0086917,0.00906599,-0.000672193,0.00818202,-0.000406689,-0.00615749,0.00296621,-0.00836671,0.00645814,0.00105638,-0.000597084,
0.00221778
-0.00681817,0.00910262,0.00324679,0.0131779,0.00153826,0.00149228,-0.0011127,0.0008017,0.00993436,0.00683049,-0.00697599,0.0019447,0.00720154,0.00871139,-0.00583879,0.00981954,-0.0045452,
0.00458183
0.00539736,0.00549574,0.00127581,-0.00306862,0.00508969,0.0108087,-0.00760511,-0.0121278,-0.00793863,0.00411243,0.00695469,-0.00169894,0.00164018,0.0029772,0.00155366,0.00788644,0.00597566,
-9.2546e-05
-0.0103246,-0.0863901,0.00873228,-0.00670786,0.0174172,-0.0071073,-0.0160476,-0.0155792,-0.045016,-0.0192155,-0.00672398,0.0347746,0.00229949,0.00803017,-0.014134,-0.0526893,-0.0135909,
0.0334382
-0.0021303,-0.0656881,0.0130817,0.00654565,0.00124797,-0.0018961,-0.010075,-0.0157497,-0.0188662,-0.0120631,-0.00761319,0.023777,0.00467816,0.0026005,-0.00988927,-0.0383223,-0.00293026,
0.0206279
0.00467259,0.00633776,0.00956219,0.00244904,-0.00700952,0.0056212,0.00347171,0.00621257,0.00686502,0.00708,-0.00995562,-0.0017476,-0.00798727,0.0064018,0.0040261,-0.0076752,-0.00749688,
-0.0049099,0.0091769,0.00603488,-0.00685098,0.00279977,0.00752657,0.00548783,-0.00506989,-0.00964859,-0.00350281,
0.00081359
0.00352268,0.0144109,-0.00476497,0.0031475,0.00334554,0.000132155,-0.000992997,0.00988335,0.00173169,0.00238511,-0.000463112,-0.00549191,-0.0022415,0.00686122,0.00167826,-0.00183031,-0.000434045,
-0.00459012,0.00135848,-0.00169264,-0.00761672,0.00935425,0.00890966,0.00856805,0.00864603,0.00732775,-0.00172913,
-0.00101108
9.29686e-05,0.0101131,0.00075924,0.00948159,0.000922902,0.00597646,0.0150532,0.0159558,0.00302664,-0.0111596,-0.00389018,-0.004035,-0.0050605,-0.001386,-0.00720124,0.00632636,0.00724314,
0.00349235,-0.00377899,0.00910546,0.00503432,0.00555276,0.00210264,-0.00105765,-0.00462887,-0.00502098,-0.00161295,
0.0001496
0.00647201,-0.00662427,0.00559488,0.00223473,-0.00186089,0.00309689,-0.00448468,0.00755199,-0.00156568,-0.000726097,-0.00763025,0.0103815,-0.00219795,-0.00215839,-0.00982639,0.00351492,0.00242838,
-0.00485593,-0.00375306,-0.00453147,0.00688577,0.00566934,-0.00191168,0.00513692,-0.00660777,-0.00281814,0.00078223,
-0.00027749
-0.00303656,0.00231433,0.00621949,0.00320079,0.00302996,0.00895998,0.00710298,-0.0155662,0.00187514,0.000169434,0.00275907,0.00428093,0.00299631,0.0107518,0.00983593,0.00794797,0.00345247,
-0.00131435,-0.00603084,-0.00881152,0.00329041,-0.00797093,-0.000506171,0.00292728,0.00156056,0.00102809,-0.00607936,
0.00498595,0.00484482,0.00216568,-0.00462772,
0.00608722
-0.0265854,-0.11591,0.015353,0.015503,0.00932161,0.0147133,0.0120429,-0.00651503,-0.123632,-0.0843351,
0.00293668,0.0145385,0.012985,-0.00734688,
-0.00159186,
-0.0045079
15
-0.0126164
0.00416467
1
1
0
0
3
0
1.66129
0.670665
1
1
0
0
5
16
-2.26027
5.61804
1
1
0
0
6
15
-0.725806
4.58317
1
1
0
0
5
21
1.40867
0.583721
1
1
0
0
4
7
-1.96552
5.41061
1
1
0
0
1
23
-2.32231
5.41534
1
1
0
0
7
20
1.86207
0.972878
1
1
0
0
1
18
1.63793
0.661719
1
1
0
0
1
8
-4.32759
5.90554
1
1
0
0
1
0
-1.71233
5.49341
1
1
0
0
6
1
-1.74138
5.37093
1
1
0
0
1
21
0.0806452
4.20176
1
1
0
0
5
9
1.37097
0.601983
1
1
0
0
5
7
0.575342
3.79588
1
1
0
0
6
2
10
4
1
0.00853555,-0.00307336,0.00472068,0.00199739,-0.0170166,0.00652693,0.000260727,-0.00582841,0.0082054,0.00383201,0.0038569,0.00766352,0.00282933,0.00630768,-0.00127909,
0.0122663
-0.028249,0.00748561,0.00631313,0.00694807,0.0201199,-0.000343084,-0.0123356,-0.00819214,-1.36677e-05,0.00420235,-0.000582452,0.00890733,0.00520088,0.00887434,-0.0181993,
0.00504648
0.00641202,0.00434234,0.00176453,-0.00667383,0.00154622,0.00901523,-0.00412327,0.00773704,0.00296598,-0.00696028,-0.00360822,0.00855303,-0.0041361,0.00502646,-0.00969022,
-0.00131477
0.0191064,0.00669745,0.00379185,0.000733671,-0.0166836,0.00615987,0.0102278,0.00980249,-0.00484792,3.88974e-05,0.0103586,-0.00548828,0.00639869,0.00883212,-0.000908349,
0.0142064
0.0114058,0.00789837,-0.00234594,0.00474463,-0.00930405,-0.000926891,0.00956378,-0.00276612,-0.00339893,-0.00234768,0.000765777,-0.00431792,0.00162484,0.00249684,0.00359702,
0.00298184
-0.0164748,-0.0093465,-0.00261522,0.00789033,0.00892826,-0.00125263,-0.000301385,-0.00971687,-0.00349577,0.0078625,-0.00875724,0.000736936,-0.00858464,0.00691035,-0.00174777,
0.00258041
-0.0283403,-0.00562271,0.00165725,-0.00876719,0.0167089,0.00329613,-0.00487984,0.00174379,0.00210367,0.00678282,-0.00715915,-0.00724626,-0.00733664,-0.00115851,-0.00410966,
0.00876766
0.00943346,0.00226899,0.00689384,-0.00458032,-0.00159797,-0.00657442,0.0102552,0.00284276,-0.00955091,0.00776988,-0.00382225,0.00040919,0.00643351,-0.00267284,0.001452,
0.00336539
-0.000467656,0.00403332,-0.000838282,0.00644745,-0.0063301,0.00284423,0.00393339,0.00931048,0.00333895,0.00193581,-0.00378013,-0.0050401,0.00997139,0.00916815,0.00304703,
0.0038868
0.00461253,-0.00103591,-0.00889536,-0.000842944,0.0049466,-0.00673338,0.00734948,0.00156781,-0.00539675,-0.00147337,-0.00419558,0.0031461,0.00925673,-0.00835149,-0.00973718,
-0.00247553
-0.0214946,-0.00633903,0.00873706,0.00726405,0.0150996,0.00192782,-0.0143374,-0.00628714,0.0037753,0.000470709,-0.00818654,-0.00986386,0.00500658,-0.00306686,-0.0054793,
0.00156404,-0.00590008,-0.00297545,-0.00889196,0.00439735,-0.00868603,-0.00785548,-0.00457195,0.00301798,0.00765713,
0.00396295
0.00202005,-0.00769424,-0.000226144,0.00934788,-0.00987857,0.00466525,0.00238888,-0.00864954,0.00141642,0.00353778,0.00193253,-0.00790703,-0.00610062,0.00738902,-0.00648969,
-0.00837256,-0.00255813,0.00851864,-0.00801951,0.00335442,0.00245723,0.00456215,0.00849147,0.0047104,0.00331913,
0.00188945
0.0214217,0.00324309,0.00901858,0.00808292,-0.0103136,-0.0100037,-0.00789958,-0.00185485,0.00656812,-0.00662005,0.0114965,0.0114158,-0.00457232,-0.00838661,0.000856822,
0.00848406,-0.00632085,0.00873633,-0.00715076,-0.00800035,-0.00335389,-0.00658752,0.0100353,0.00322747,-0.00229127,
0.01555
0.0072122,-0.00256365,0.00479923,-0.00288502,-0.00244323,-0.00949996,-0.00618507,-0.00611647,-0.00280021,-0.002432,-0.00450868,0.000854479,0.000536648,0.00444871,0.00546898,
0.00741429,0.00828429,0.0035625,0.000273439,-0.00865422,-0.00346977,0.000947105,-0.0038663,-0.00447715,0.00531909,
-0.000652615
-0.0318259,0.00242207,0.00730325,-0.0103056,0.0143798,0.000278903,-0.0143636,0.00653653,-0.00981277,-0.00685001,-0.0077373,-0.00177372,-0.00642442,-0.00455156,-0.00239624,
0.00623729,0.0104744,-0.00126826,-0.00603333,0.00629572,-0.00568838,0.00606108,-0.00167529,0.0081828,-0.00350543,
-0.000334816,0.00833945,-0.00611373,-0.00143989,
0.00999218
0.0135731,-0.0322899,0.000488519,0.0182802,0.0061373,-0.015627,-0.0327354,0.00520872,0.00662587,-0.00152075,
-0.0248101,0.00388777,0.0212166,0.0012955,
-0.0341206,
0.00833001
18
1.44304
0.741992
1
1
0
0
6
13
-0.0135374
0.00498961
1
1
0
0
3
0
-2.72308
5.78196
1
1
0
0
1
20
-1.39655
5.33673
1
1
0
0
5
22
-1.90769
5.43415
1
1
0
0
1
15
-0.0615385
4.02636
1
1
0
0
1
2
-0.123894
4.11659
1
1
0
0
4
14
0.690265
3.21798
1
1
0
0
4
6
1.42105
0.633768
1
1
0
0
7
8
-1.11392
4.85743
1
1
0
0
6
22
1.34211
0.698733
1
1
0
0
7
12
-0.675
0.737818
1
1
0
0
1
-1
-2.03509
5.54555
1
1
0
0
7
22
1.58407
0.780201
1
1
0
0
4
18
0.861538
2.86559
1
1
0
0
1
6
-0.797468
4.86886
1
1
0
0
6
1
-0.263158
4.41896
1
1
0
0
7
2
-1.84211
5.35507
1
1
0
0
7
1
10
4
1
-0.00553576,-0.0131061,0.0095637,-0.00407804,0.00748695,0.00670157,-0.0193892,0.0062879,0.00510752,0.00141898,-0.0100668,-0.0035818,0.00140334,0.00653979,-0.00892521,0.00114089,-0.0143266,0.000787631,
0
-0.00976634,-0.0032221,-0.00629713,-0.0033599,0.0026953,-0.00394439,-0.00495861,-0.00117003,-0.00503855,0.00756823,0.00976777,-0.00696475,0.00271502,-0.000297244,0.00768001,0.00132313,0.00683097,-0.00304266,
0.000468507
0.00828631,-0.0147728,-0.00383884,-0.00181861,-0.00843368,0.00969655,-0.00885917,-0.00169884,0.0135155,0.00872643,0.00493227,-0.0073606,0.00112446,-0.000904886,-0.00919252,0.00659421,0.000543422,-0.0030337,
0.000620865
-0.009584,-0.00850472,0.00558207,0.00405299,0.00445291,-0.00128673,-0.00408464,0.00338792,0.000143257,0.00189588,-0.000894446,-0.00483212,0.00826133,0.000345877,0.00156852,-0.000952718,-0.00953852,-0.00403867,
-0.00085352
0.00656104,0.00583592,0.00942187,0.00925931,-0.00981707,0.00324984,0,0.00502698,-0.0028353,-0.00753828,-0.00379218,-0.00578629,-0.00133253,0.00302539,-0.00346057,-0.00646638,0.00376938,0.00829742,
0.000673149
-0.00484196,-0.00929717,-0.00262506,-0.00684212,-0.00284514,0.00395857,0.00514278,-0.00451265,0.00788118,0.00511948,0.00826333,-0.00565977,-0.0064552,0.00047391,-0.00167763,-0.0057281,0.00954428,0.000105625,
-0.000604462
-0.00229555,0.0169071,0.00308547,0.00155574,-0.00473798,-0.00603666,0.00935466,0.00872002,-0.00598924,0.00297862,0.000831153,-0.00645753,0.0060494,0.00252873,0.00551828,-0.00655534,-0.0044817,0.00644442,
0.00703416
-0.0111981,0.00873205,-0.00613196,0.0111021,0.00546244,0.00437678,-0.00180468,0.0100084,-0.0128615,0.00110378,0.00185112,-0.0110325,-0.00128367,-0.00611869,0.00306518,-0.00106783,0.00589151,-0.00259543,
0.00833457
-0.00456461,-0.0125342,-0.00423397,0.0051653,-0.00232631,0.00246591,-0.0129421,0.000374895,0.0107499,0.00847018,0.00377421,-0.00685902,-0.0148993,-0.0019542,-0.00140295,-0.00139418,-0.00024746,0.00549945,
-0.00123434
0.000915568,0.00510428,0.00319253,-0.00558513,-0.000745297,0.00502088,-0.00346695,0.00484981,0.00614593,0.00702389,0.00767284,-0.00825646,0.00194694,-0.00124359,-0.00700407,-0.00417576,-0.0100746,-0.000613416,
-0.000436124
-0.00696373,0.0016206,-0.00842862,0.00984209,0.00910657,-0.0080287,-0.00350678,-0.00833692,0.000651966,0.00352468,0.00476595,0.00322802,-0.00794352,-0.00594715,0.00200122,-0.000661585,-0.0043278,-0.00777842,
0.00106145,0.00678363,-0.000406012,-0.00765856,0.00231304,-0.00607507,-0.00058162,-0.00703902,-0.0071544,0.00624208,
-0.000115519
0.00922766,0.00661676,-0.0036295,0.00920429,0.00596806,-0.0059586,0.00451549,-0.000671355,-0.0139958,-0.00750801,-0.00355227,0.0031447,-0.00390419,0.00108535,-0.00291773,-0.00311509,0.00107234,-0.00547314,
0.00364852,0.00919844,0.00793369,0.00497324,-0.00196314,5.41967e-05,0.00945952,0.00175963,0.00264834,-0.00820144,
-0.00689565
0.000242571,-0.00983092,-0.00115324,-0.0140965,0.00411088,0.00330623,-0.0219216,0.00614871,0.0105676,-0.00274958,-0.00921581,-0.00322582,-0.0189529,0.015878,-0.00503002,0.00314793,-0.00473007,-0.000574674,
-0.00272047,-0.00738159,0.000327802,-0.000155132,-0.00914829,-0.00280754,0.00482773,0.00503645,-0.00542707,-0.00646524,
0.00290094
-0.00672254,0.00602366,0.00239889,-0.00357262,-0.00321213,0.00239751,0.00107886,0.00083975,-0.00776015,-0.00346468,0.00835539,0.00252578,-0.00982857,0.00285405,-0.00296738,-0.00631541,-0.00857597,-0.0084284,
-0.00620588,-0.00457263,-0.00369501,-0.00422592,-0.0089028,-0.00889823,0.00404259,-0.00324771,0.00672295,-0.00686781,
-0.00141824
0.00586352,0.00849952,0.00641287,0.00265898,0.00478426,-0.00366594,0.00589091,-0.0139262,-0.0132617,-0.000786433,0.00183435,-0.008309,0.0114218,-0.0065365,-0.00962695,0.00779762,-0.00191546,0.00767243,
0.00789067,-0.00333926,-0.00232096,0.00505921,-0.00393045,0.00490313,0.00426608,0.000187254,-0.00993507,0.00429964,
-0.00647824,0.0088559,0.00405363,-0.0096562,
0.0109645
-0.0200478,-0.00123025,-0.0148053,-0.00706556,0.00264572,-0.00761791,0.0160612,0.0136677,-0.0149407,-0.00120163,
-0.00252866,0.00845682,-0.0249223,-0.00401379,
0.00829965,
0.0188501
17
-0.0134892
0.00508936
1
1
0
0
3
0
-1.16364
4.90614
1
1
0
0
4
3
-1.53333
5.26168
1
1
0
0
4
23
-0.0806452
4.14767
1
1
0
0
1
6
-1.95935
5.30132
1
1
0
0
7
21
-1.51818
5.23461
1
1
0
0
4
15
-1.49593
5.29515
1
1
0
0
7
23
-1.65455
5.39096
1
1
0
0
5
19
1.35897
2.72206
1
1
0
0
6
19
1.53846
0.692308
1
1
0
0
6
18
-1.47967
5.18965
1
1
0
0
7
3
-2.08065
5.49868
1
1
0
0
1
23
0.948718
2.6404
1
1
0
0
6
14
-2.12903
5.66962
1
1
0
0
1
0
-2.08974
5.28953
1
1
0
0
6
23
-1.1626
5.06603
1
1
0
0
7
5
-0.872727
4.86567
1
1
0
0
5
2
10
4
1
0.00117224,0.000592423,-0.0101422,-0.0116756,0.00163952,-0.000329272,-0.00454882,0.00518122,0.000342176,0.0172172,0.0069521,-0.00825948,-0.00231381,0.00170075,-0.00183365,-0.00891565,0.00216245,
0.000693014
0.00564186,0.000539223,-0.00262562,-0.00981264,0.00244966,-0.00652318,0.000794709,0.00525836,-0.00645098,-0.00986429,0.00358862,-0.00613549,-0.00529272,0.00575066,0.00863047,0.00414822,-0.00361616,
0.000404689
0.00821124,0.00355043,-0.00445514,-0.0038308,0.00912665,0.00477828,0.00617157,-0.00461712,-0.00379566,0.00771122,-0.00644248,0.00681293,0.00584483,0.00754514,0.000955808,-0.00891969,-0.00574473,
-0.00027409
-0.000930454,0.00220666,0.00408371,-0.00506007,-0.00225765,0.00144263,-0.00247169,0.00514522,0.00273112,-0.00971615,-0.00120777,-0.000738568,-0.00145822,0.00681219,0.00316394,-0.00726131,0.00419334,
-0.00317938
-0.00512908,0.00416078,0.00664103,0.00527902,-0.00648613,0.0100557,0.00178124,-0.00053587,0.00922346,-0.00792892,0.010209,-0.00180674,-0.00568588,0.00218519,0.00790918,0.00162967,0.00468115,
0.00235204
-0.00475711,0.00411976,-0.00416089,-0.015527,-0.00500385,-0.000522029,0.00807245,-0.000605258,0.0102758,0.0116842,-0.0048798,-0.0112324,0.00906986,-0.0030998,0.00300768,0.00769217,-0.00505602,
0.00182626
-0.00106211,-0.00346346,0.0022401,-0.00286019,0.00872207,-0.00702164,-0.00506291,-0.00621496,-0.00793416,-0.00238554,0.00808529,0.00489403,-4.31342e-05,-0.00986872,0.00871534,0.00566167,0.00637786,
0.000250881
-0.0030217,0.00274037,0.00481848,0.00660356,0.00136288,-0.0051105,0.00573401,-0.00873757,-0.00695776,-0.00193686,-0.00429813,0.00451548,-0.00546919,0.00728071,-0.00665659,-0.0100497,0.00864256,
-0.00200859
-0.00176562,0.00739516,0.0112666,-9.71369e-05,0.00532852,0.00619639,0.00117313,-0.00154721,-0.00167614,-0.00667952,-0.0102114,-0.00368714,-0.00520754,0.00455842,0.00369206,-0.0075747,-0.00975892,
-0.00227469
-0.0124431,0.0109706,0.00253426,-0.00853435,0.00749361,0.00327614,-0.00238039,0.0019003,-0.00610764,0.00347611,0.00351808,0.00661985,-0.00889448,-0.00565376,-0.0125761,-0.00436027,-0.00513399,
0.00163713
-0.00190997,-0.00101949,0.0084841,0.00344238,0.00855671,0.00657013,0.0036303,-0.00504484,0.00751335,0.00254869,-0.00979125,-0.00599365,0.00410575,0.00739453,0.00675632,0.00379119,0.00949598,
-0.00144239,0.00394796,0.00209304,-0.00177466,0.0089771,-0.00236862,-0.00874936,0.00141351,0.00438353,0.00701058,
-0.00189204
0.000956162,0.00101494,-0.0138848,-0.0113948,0.00534414,0.0145357,0.00596097,0.00963268,0.00401222,0.0130727,-0.00512577,0.00067689,-0.0010518,-0.00971984,-0.00276404,-0.0109004,-0.00959196,
0.00735669,-0.00514516,0.0033759,0.00244039,0.00919214,0.00295896,-0.00278271,-0.0020067,0.00808495,-0.002635,
0.00831736
0.00728064,-0.00216079,-0.0045926,-0.0107624,0.00908752,-0.00742888,-0.00933101,0.00663453,-0.00265999,0.00907906,-0.00451296,-0.00651519,-0.00686047,-0.00575765,-0.000686407,-0.00282618,0.00745705,
0.00565331,-9.30752e-05,-0.00808189,-0.00735174,-0.00992374,0.0015105,0.00350995,0.000751574,0.00279071,-0.00640215,
0.00010289
0.00724725,0.0110771,0.000889278,-0.00610879,0.00514047,0.00694855,-0.00317701,-0.00218727,-0.00704184,0.00952474,0.00945516,0.00646683,0.00927479,-0.00702951,-0.00334283,0.00747274,-0.0051281,
0.00557723,-0.00823516,-0.005495,-0.00767185,-0.00963759,-0.00920931,0.00327725,-0.00481661,-0.00738837,0.00867736,
0.00261373
0.00822107,0.00632798,0.00848497,-0.00852863,0.0116098,-0.000570947,-0.00406957,-0.00249337,0.00384304,0.00437462,-0.00760243,0.00621318,0.00368028,0.00517027,0.00834367,-0.0120293,0.00486333,
-0.00243037,-0.000303847,-0.00711723,0.00250605,-0.00422157,0.000314382,-0.00618788,0.000574853,0.0083088,-0.00289149,
-0.00453634,-0.00269962,-0.00900864,-0.00154765,
-0.00389042
0.00742483,-0.00132946,-9.06878e-05,-0.00499836,0.00544642,0.00717252,-0.000648754,-0.00702299,-0.00203346,0.00375983,
-0.00670051,0.00960571,0.00158971,0.00360696,
0.00669558,
0.00887052
1.01752
1.01465
0.99975
0.999141
0.999981
1.4294
0
0
1
0.00170298
2
1.45156
Sun Mar 29 18:01:04 2026; timestamp: 0; Experiment; this->scope_context->id: 0; this->node_context->id: 0; this->is_branch: 0; new explore path: 6; this->exit_next_node->id: 1; this->local_improvement: -0.0144548; this->global_improvement: -0.00719743; this->score_standard_deviation: 0.0961118; 
1.46992
Sun Mar 29 18:03:05 2026; timestamp: 1; Experiment; this->scope_context->id: 0; this->node_context->id: 0; this->is_branch: 0; new explore path: 4 2 5; this->exit_next_node->id: 4; this->local_improvement: 0.00339177; this->global_improvement: 0.00170298; this->score_standard_deviation: 0.10404; 
