115
1.22854
2801.42
6
0
1
2
3
4
5
11672
242
0
0
-1
2728
23
0
0
11046
24
0
3
25
25
0
2
26
26
0
-1
218
27
2
1
0
27
0
0.9628
0.92436
4
1
0
0
4
1
0
0
6
1
0
0
2
1
0
0
8
3
0
0.022875
1
0.024566
2
0.022046
1
3
0.02324
0
0
26
23
35
0
0
36
36
0
4
26
37
2
1
0
37
0
0.975085
0.93203
2
1
0
0
8
1
0
0
6
1
0
0.018243
2
0
0.017529
1
-0.040443
0
0
26
35
215
0
1
216
216
0
0
217
217
0
-1
423
218
2
1
0
218
0
0.968011
0.880268
12
1
0
26
8
1
0
0
3
1
0
26
3
1
0
26
7
1
0
26
4
1
0
0
0
1
0
0
4
1
0
27
7
1
0
26
5
1
0
0
1
1
0
27
8
1
0
0
5
0
6
0
0.020454
1
-0.011934
2
0.021559
3
-0.027502
4
0.034495
5
-0.050423
0
1
7
6
7
8
9
0
10
11
1
7
1
5
1
1
0
1
0
-0.00949298,0.00721788,0.194998,-0.0456175,0.115553,0.00338436,0.182558,
0.0489479
-0.14808,-0.312048,-0.314847,-0.0773026,0.0824942,-0.314471,0.328495,
-0.104419
-0.262891,0.173929,-0.419522,0.0431239,-0.0699854,0.186564,0.49186,
-0.339643
0.00940889,-0.195421,0.306804,-0.102832,0.174406,-0.19736,0.149404,
0.0221552
-0.15183,0.0146712,-0.258323,0.131624,-0.116115,0.024147,0.376415,
-0.107685
0.299531,0.361934,-0.362767,-0.343461,0.326666,
0.00165932
217
4955
224
0
0
217
225
2
1
0
225
0
0.979899
0.937152
33
1
0
0
1
1
0
0
7
1
0
24
5
1
0
24
0
1
0
26
4
1
0
25
0
1
0
24
3
1
0
25
1
1
0
23
1
1
0
25
3
1
0
0
8
1
0
26
2
1
0
24
2
1
0
26
1
1
0
26
8
1
0
23
5
1
0
26
7
1
0
0
2
1
0
23
0
1
0
25
2
1
0
23
8
1
0
24
4
1
0
25
8
1
0
0
4
1
0
0
0
1
0
27
5
1
0
23
6
1
0
25
7
1
0
27
1
1
0
23
2
1
0
26
0
1
0
24
6
1
0
24
1
24
0
-0.018432
1
0.028054
2
-0.119545
3
0.039999
4
0.086751
5
-0.046989
6
0.026885
7
-0.034462
8
0.034833
9
-0.052848
10
0.036548
11
-0.024849
12
-0.035467
13
0.01717
14
-0.027571
15
0.097492
16
-0.030249
17
0.026722
18
-0.222747
19
0.095319
20
-0.075913
21
0.248905
22
0.049413
23
-0.094595
27
0
0.07494
1
0.017005
29
0.077019
2
-0.040883
3
-0.180924
5
-0.030662
6
-0.068895
30
0.067199
7
0.084737
8
-0.016197
9
-0.145941
10
0.060095
11
0.080375
12
0.016855
13
-0.076618
14
-0.060698
16
-0.022573
17
-0.0627
18
0.019012
19
0.133315
26
0.123254
31
-0.081477
20
-0.090606
21
0.197848
22
0.066901
32
-0.010561
24
-0.10408
1
9
24
25
26
16
3
8
27
28
9
1
9
1
5
1
1
0
1
0
0.0448255,0.305564,-0.203543,0.267773,0.0824172,-0.0397409,-0.168293,0.318863,0.0532123,
-0.121935
0.269098,0.322348,-0.234163,0.00475435,0.186179,-0.167112,0.0951401,0.319191,-0.0997541,
0.121856
0.280884,-0.00499136,-0.0765162,0.160952,-0.112715,0.0114351,-0.0633784,-0.0126455,0.0383686,
-0.0190045
0.162879,0.219533,-0.278111,0.00674716,0.0405067,-0.039678,0.181164,0.208206,-0.104002,
0.10685
0.121962,0.135571,-0.129963,0.174818,0.0243027,-0.15722,0.112925,0.138806,0.276357,
0.156114
-0.340379,0.0951469,-0.109081,0.0818696,0.189539,
0.0214277
0
1350
224
413
0
0
3722
414
0
2
3151
415
0
-1
649
423
2
1
0
423
0
0.964062
0.96535
18
1
0
0
6
1
0
26
3
1
0
217
2
1
0
0
4
1
0
26
7
1
0
26
2
1
0
26
0
1
0
218
0
1
0
217
6
1
0
26
1
1
0
27
1
1
0
218
4
1
0
26
5
1
0
217
3
1
0
0
7
1
0
26
8
1
0
217
5
1
0
217
8
6
0
0.040359
1
0.02203
2
0.017289
3
0.020676
4
-0.016025
5
-0.021755
1
4
-0.01297
2
8
6
7
2
8
4
9
10
11
6
12
13
14
15
16
17
2
8
6
2
5
5
1
1
0
1
1
1
2
0
1
-0.386558,-0.0399241,0.0154739,0.00867669,0.0517222,-0.000822004,0.193348,-0.0273251,
-0.509674
0.903234,0.000948815,-0.00490111,0.00469381,-0.021702,0.0365512,-0.00628873,0.00450532,
-0.0742825
0.739719,-0.0296302,-0.191107,0.310563,-0.0078057,-0.397602,-0.000414434,-0.0244066,
-0.116476
0.256135,-0.0404982,-0.034948,-0.00748558,-0.0202844,-0.0267067,0.00528735,-0.0304004,
0.263602
0.611543,-0.00767226,-0.00143952,0.00130417,-0.00648883,0.00356887,0.0301159,-0.00813103,
0.60935
-0.109109,0.343079,-0.113678,0.240233,-0.0438276,-0.357953,
0.285364
0.276216,0.183786,-0.0296895,0.0240613,-0.362087,-0.00795773,
-0.0856268
0.0918867,-0.0228657,0.0379131,-0.0731786,-0.139603,0.0554692,
-0.076502
-0.296303,0.0768489,0.00913118,0.0348094,0.357606,-0.131926,
0.0871705
-0.0119929,0.075852,0.0404413,-0.0490855,0.529659,-0.0984494,
-0.00973795
0.570164,-0.750324,-0.0940808,0.421713,1.03391,
-0.0994805,0.0916151,0.0365728,0.109785,-0.0913897,
-0.694423
0
1583
5952
479
0
5
480
480
0
6
218
581
0
1
582
582
0
6
2264
583
0
0
415
594
0
6
603
595
0
3
596
596
0
6
597
597
0
-1
1242
603
0
3
4577
604
0
1
605
605
0
0
606
606
0
2
597
633
0
2
597
647
2
1
0
647
0
0.965479
0.907787
17
1
0
0
4
1
0
0
7
1
0
26
7
1
0
0
0
1
0
26
2
1
0
26
0
1
0
26
1
1
0
0
1
1
0
0
2
1
0
26
4
1
0
26
6
1
0
0
5
1
0
27
0
1
0
26
8
1
0
27
4
1
0
27
7
1
0
0
3
1
0
0.019644
9
1
0.021538
2
-0.016873
3
-0.038151
4
0.039118
5
0.042345
6
0.021873
7
-0.024573
8
0.019746
9
0.034717
0
1
10
10
11
12
8
13
14
4
15
16
3
1
10
1
5
1
1
0
1
0
0.122024,0.165316,-0.255074,-0.145493,0.252313,-0.254835,0.130636,-0.250708,0.203914,-0.198561,
0.111813
-0.108226,-0.0854975,0.0266901,-0.0553091,0.106024,0.0266915,0.158222,0.0353263,-0.00247794,-0.102555,
-0.143168
-0.417886,0.00201681,-0.254207,-0.0875135,-0.043026,-0.239212,-0.0255451,-0.23796,-0.105235,-0.0500229,
-0.246375
0.106541,0.110284,-0.306031,-0.0349928,0.150737,-0.307056,0.172604,-0.298949,0.00958485,-0.342915,
-0.064326
0.376136,-0.0251701,-0.0614163,0.138224,0.0234387,-0.06682,0.397392,-0.0618027,-0.149032,-0.325136,
-0.128155
-0.386306,0.170616,-0.222166,0.553811,-0.273498,
0.0658645
218
479
648
2
1
0
648
0
0.912321
0.823786
34
1
0
0
6
1
0
423
0
1
0
414
6
1
0
423
2
1
0
413
0
1
0
217
4
1
0
423
3
1
0
225
3
1
0
423
1
1
0
24
6
1
0
217
3
1
0
225
0
1
0
414
3
1
0
217
2
1
0
23
6
1
0
479
5
1
0
26
1
1
0
25
0
1
0
480
5
1
0
413
8
1
0
0
7
1
0
0
4
1
0
25
5
1
0
25
2
1
0
24
8
1
0
23
5
1
0
25
8
1
0
225
2
1
0
0
1
1
0
26
4
1
0
0
2
1
0
480
2
1
0
414
0
1
0
217
1
19
0
-0.016502
1
-0.044308
2
0.020909
3
-0.044308
4
-0.043877
5
0.031023
6
-0.044308
7
-0.096656
8
-0.044308
9
0.091775
10
-0.061323
11
-0.096656
12
0.046854
13
0.047001
14
-0.024093
15
0.04688
16
0.014764
17
-0.09771
18
-0.055235
23
0
0.020761
19
0.026182
20
-0.013096
21
-0.033755
4
-0.047249
7
-0.049187
9
0.096418
10
-0.03055
11
-0.049187
12
0.01951
22
-0.030835
13
0.018969
23
0.045875
14
-0.094339
24
-0.059357
16
0.029731
25
0.019158
26
0.032422
17
-0.093717
27
-0.049187
28
-0.013306
29
0.076946
30
0.025221
0
1
5
31
32
16
33
12
1
5
1
5
1
1
0
1
0
-0.170958,0.0325554,0.0305227,0.0382933,0.128115,
-0.0721502
0.24781,-0.0351013,-0.035317,0.0398618,-0.262196,
0.0941234
-0.310103,-0.126306,0.20642,0.0400035,-0.0891615,
-0.119152
-0.262539,0.0444913,0.064487,0.0717296,0.246612,
-0.026394
0.369306,-0.0981735,-0.0377407,0.0446107,0.162627,
0.172415
-0.126402,-0.108019,-0.125962,-0.163934,-0.164958,
0.0494053
415
581
649
2
1
0
649
0
0.971701
0.923421
20
1
0
225
0
1
0
225
5
1
0
225
4
1
0
217
2
1
0
480
6
1
0
26
3
1
0
225
1
1
0
217
3
1
0
479
6
1
0
413
8
1
0
215
6
1
0
581
5
1
0
415
6
1
0
423
4
1
0
217
5
1
0
26
6
1
0
26
7
1
0
0
0
1
0
217
8
1
0
415
1
9
0
-0.025607
1
-0.025607
2
-0.025607
3
0.016175
4
-0.236214
5
0.019697
6
-0.025607
7
-0.012233
8
0.221705
7
15
0.015504
16
-0.020292
17
-0.025543
3
0.017225
18
0.030428
19
-0.010089
7
-0.014415
1
6
9
10
11
12
13
14
1
6
1
5
1
1
0
1
0
-0.00974245,0.00119176,0.115227,0.273031,0.182834,-0.0344881,
-0.207771
-0.00958858,-0.136118,-0.34315,-0.0773912,-0.0864035,0.357367,
0.078115
0.0886782,-0.232432,-0.298248,0.0747651,-0.209883,0.329211,
-0.302705
0.319691,0.437549,-0.0122563,-0.081419,0.16562,-0.0487946,
-0.703189
0.0784514,-0.0745831,-0.00428447,0.167473,-0.0555551,0.0770008,
-0.0158436
-0.189072,-0.291196,0.374913,-0.579576,-0.172405,
-0.0268922
0
597
594
1170
0
1
1243
1171
0
-1
1508
1183
0
3
1507
1242
2
1
0
1242
0
0.967731
0.933251
24
1
0
27
6
1
0
24
3
1
0
649
0
1
0
25
2
1
0
24
4
1
0
215
1
1
0
215
4
1
0
216
5
1
0
23
2
1
0
26
3
1
0
216
8
1
0
23
0
1
0
217
3
1
0
603
2
1
0
24
0
1
0
594
1
1
0
0
5
1
0
597
5
1
0
0
8
1
0
26
5
1
0
0
4
1
0
649
5
1
0
24
5
1
0
415
2
16
0
0.019394
1
-0.037935
2
-0.051885
3
0.121154
4
0.083326
5
-0.136147
6
-0.186672
7
0.20369
8
0.033396
9
-0.023224
10
0.134267
11
-0.065455
12
0.014386
13
-0.048133
14
-0.114391
15
0.050888
12
0
0.030291
1
-0.046365
2
-0.018228
3
-0.036221
4
0.149235
22
-0.037177
8
0.051295
11
-0.15575
23
0.020249
13
0.065624
15
-0.077243
21
-0.018228
1
6
16
17
18
19
20
21
1
6
1
5
1
1
0
1
0
0.0863507,-0.0286888,0.192949,0.0797447,-0.0891331,-0.0771204,
-0.494805
0.155423,-0.0713388,-0.0786099,0.0559595,0.337989,0.536149,
0.152775
0.00511472,0.180157,-0.0440673,0.143218,0.392535,0.378866,
-0.568798
0.0181811,0.122284,0.210379,-0.0344187,-0.0369291,0.137871,
0.415942
0.0234762,0.130519,0.36417,-0.0624962,-0.00475477,0.0356955,
-0.244167
-0.422917,0.160313,-0.366246,0.257325,-0.238523,
-0.101586
0
1171
1170
1243
2
1
0
1243
0
0.918722
0.857634
28
1
0
597
0
1
0
217
3
1
0
415
2
1
0
1170
3
1
0
217
8
1
0
217
0
1
0
413
3
1
0
648
3
1
0
27
8
1
0
26
0
1
0
1170
8
1
0
597
5
1
0
415
7
1
0
217
2
1
0
0
2
1
0
1170
5
1
0
0
3
1
0
597
7
1
0
217
7
1
0
649
7
1
0
597
2
1
0
23
8
1
0
23
7
1
0
423
5
1
0
414
1
1
0
597
4
1
0
583
8
1
0
583
1
6
0
-0.018421
1
-0.01686
2
0.011862
3
0.015289
4
0.023136
5
0.024071
9
13
0.021884
0
-0.107271
14
-0.011002
15
-0.012656
4
0.017407
16
0.015884
17
-0.014839
18
0.013622
10
0.117716
1
8
6
7
8
9
10
11
12
2
1
8
1
5
1
1
0
1
0
-0.0348673,-0.287108,0.130077,0.169317,0.120289,0.0547534,0.182657,-0.0496883,
0.0956387
0.272773,0.175707,0.168476,-0.00990182,0.0122033,0.25611,0.0176166,0.0111156,
-0.340287
0.182878,0.437761,-0.0424753,0.0677014,0.00524436,0.00369903,0.0895337,-0.0393697,
0.179763
0.215768,0.377523,-0.0239902,0.162021,0.0423107,0.105944,0.214877,-0.0256322,
-0.102698
-0.0228983,0.0571845,-0.35587,0.102885,-0.513298,-0.0682284,0.123491,0.0935747,
-0.522054
-0.279069,-0.488171,-0.437627,0.504858,-0.384999,
0.190786
1
9
19
20
21
22
23
24
25
26
27
1
9
1
5
1
1
0
1
0
-0.0489716,-0.254364,0.0534701,0.17008,0.121054,0.119213,0.0269492,0.0109185,0.118361,
-0.720397
0.311383,-0.0283859,0.0844138,0.102678,-0.0388311,-0.0122349,-0.0970681,0.0325245,0.13122,
-0.319958
0.310094,0.165658,-0.0874121,0.0824246,-0.178403,-0.0189513,0.320311,0.143379,-0.0923932,
-0.216592
0.184121,-0.0452003,-0.222848,0.196945,-0.332311,-0.0731679,0.0929144,0.297637,0.354503,
0.128033
0.165613,-0.00395051,0.0656622,0.126049,-0.1253,-0.0570215,0.159033,0.11805,-0.169572,
-0.302619
-0.639644,-0.309648,-0.352901,0.273559,0.318942,
0.0265184
1171
1183
1272
0
2
582
1316
0
6
1317
1317
0
1
1318
1318
0
0
3755
1319
0
5
2666
1350
2
1
0
1350
0
0.979884
0.968079
7
1
0
26
8
1
0
0
7
1
0
0
8
1
0
26
1
1
0
0
0
1
0
26
4
1
0
0
1
4
0
-0.018687
1
-0.020014
2
0.024947
3
0.020524
5
4
-0.047743
5
0.022004
2
0.024582
6
-0.019008
3
0.01982
0
0
3678
1272
1351
2
1
0
1351
0
0.985618
0.943418
13
1
0
26
1
1
0
0
1
1
0
26
6
1
0
26
8
1
0
0
0
1
0
26
7
1
0
217
4
1
0
26
2
1
0
217
3
1
0
217
8
1
0
26
3
1
0
217
1
1
0
26
0
1
0
-0.010504
13
1
0.01262
2
-0.027628
3
0.027058
4
0.02564
5
-0.028652
6
0.025728
7
0.039731
8
0.01505
9
-0.02051
10
-0.020953
11
0.018544
0
-0.017308
12
-0.042881
0
0
5190
1316
1379
0
2
1171
1481
0
1
2879
1482
0
-1
3826
1486
0
6
1997
1487
0
3
1488
1488
0
6
1482
1507
2
1
0
1507
0
0.969871
0.963896
18
1
0
415
2
1
0
415
1
1
0
0
1
1
0
1183
8
1
0
597
8
1
0
26
7
1
0
583
4
1
0
1351
5
1
0
0
0
1
0
1318
6
1
0
27
8
1
0
217
3
1
0
1317
8
1
0
218
7
1
0
1318
4
1
0
1350
7
1
0
218
5
1
0
218
3
5
0
-0.027533
1
0.03638
2
0.012009
3
0.024413
4
-0.031874
3
5
-0.017886
6
-0.052718
7
-0.057109
0
1
10
8
9
10
11
12
13
14
15
16
17
1
10
1
5
1
1
0
1
0
0.0941749,-0.258254,-0.0136074,-0.0566533,-0.378581,0.001862,-0.00207645,-0.244485,0.0077994,-0.00709167,
-0.102307
-0.0251794,0.0369641,-0.146992,0.0279953,-0.443069,0.197793,0.0866535,0.235649,0.196625,0.192767,
-0.287163
-0.105865,-0.129209,0.313909,0.0420333,0.119434,-0.0905556,0.030746,0.187303,-0.0944814,-0.0791661,
-0.0721698
0.0120313,-0.210498,0.19388,0.0393296,0.0269903,-0.000371607,0.00598149,-0.0714719,0.0043795,-0.000564206,
0.125091
0.00316853,-0.331951,0.0904228,-0.116949,-0.480039,0.0233432,0.0869108,0.0597472,0.0153058,0.0260391,
0.029633
-0.322146,-0.53711,-0.329071,-0.137475,-0.25328,
0.0960957
1171
1379
1508
2
1
0
1508
0
0.973595
0.920009
20
1
0
0
2
1
0
27
2
1
0
218
7
1
0
26
5
1
0
597
3
1
0
415
3
1
0
415
0
1
0
218
8
1
0
218
4
1
0
1171
3
1
0
26
4
1
0
218
6
1
0
597
6
1
0
1350
8
1
0
225
5
1
0
0
4
1
0
0
1
1
0
582
6
1
0
1171
0
1
0
27
3
2
0
0.018086
1
0.036125
10
2
0.02262
3
0.011491
4
0.015391
5
-0.020777
6
-0.032292
7
0.02262
8
0.02262
9
0.014982
10
-0.016376
11
0.02262
0
1
10
0
12
13
14
15
16
17
10
18
19
1
10
1
5
1
1
0
1
0
0.0126694,-0.186976,0.424059,0.0539776,-0.0658915,-0.00163984,-0.0792569,0.131951,-0.014546,0.110825,
-0.334345
-0.00821493,-0.0736364,-0.076115,0.0767042,-0.0120212,0.137485,0.0651788,-0.0205869,-0.00405147,0.269285,
0.137996
0.0782651,0.170684,0.0231183,0.373078,-0.0598552,-0.00748195,-0.00717001,-0.00826782,-0.0704586,-0.391155,
-0.0292268
0.0231149,-0.0346016,0.0566991,0.485523,0.0380335,-0.180043,0.251929,-0.283008,-0.0574387,0.0292172,
-0.432562
-0.0913352,-0.0491871,-0.0283346,0.277287,0.097751,0.0288238,0.0248804,-0.0378478,-0.0632922,-0.408548,
0.130555
-0.295375,-0.212336,-0.280469,-0.339069,-0.321176,
0.214194
1482
3458
1509
2
1
0
1509
1
0
0
0
0
0
0
0
1482
1486
1583
2
1
0
1583
0
0.990849
0.983384
6
1
0
217
2
1
0
26
8
1
0
26
6
1
0
26
7
1
0
0
7
1
0
0
6
2
0
0.022644
1
0.017352
4
2
-0.082677
3
-0.023688
4
0.035956
5
0.027263
0
0
1351
597
1590
0
0
3152
1615
2
1
0
1615
0
0.97085
0.931003
15
1
0
26
8
1
0
26
6
1
0
582
4
1
0
26
7
1
0
582
8
1
0
582
3
1
0
582
2
1
0
0
1
1
0
0
8
1
0
26
0
1
0
1272
7
1
0
0
7
1
0
582
7
1
0
0
4
1
0
26
4
5
0
0.023039
1
0.018913
2
0.019737
3
-0.01822
4
0.035135
13
5
-0.025865
6
0.030577
1
0.016118
2
0.014524
7
0.011506
3
0.012223
8
0.013859
9
-0.030652
10
-0.021419
11
-0.027787
12
0.023739
13
0.020222
14
-0.028622
0
0
583
1590
1973
0
6
1974
1974
0
6
3679
1975
0
3
1482
1997
2
1
0
1997
0
0.9826
0.98077
18
1
0
1508
8
1
0
1615
5
1
0
1486
2
1
0
1508
2
1
0
225
2
1
0
225
4
1
0
0
6
1
0
1508
6
1
0
415
7
1
0
649
8
1
0
1171
3
1
0
582
8
1
0
218
1
1
0
218
6
1
0
1242
5
1
0
26
7
1
0
225
1
1
0
218
4
12
0
-0.0174
1
-0.105422
2
0.023102
3
-0.0174
4
0.027801
5
0.027801
6
0.035352
7
-0.0174
8
-0.043401
9
-0.042815
10
-0.017329
11
0.055109
13
0
-0.064806
12
0.019637
1
-0.156103
13
0.019637
3
-0.064806
4
-0.053219
14
-0.019102
5
-0.053219
7
-0.064806
10
0.021769
15
-0.024918
16
-0.053219
17
0.019637
0
0
1487
1973
2004
0
1
2005
2005
0
5
2488
2006
0
6
1974
2030
0
4
2031
2031
0
4
1482
2041
2
1
0
2041
0
0.971358
0.870153
9
1
0
0
4
1
0
0
5
1
0
0
3
1
0
0
6
1
0
0
8
1
0
0
7
1
0
0
2
1
0
0
1
1
0
0
0
1
0
0.018558
4
1
0.022659
2
0.027396
3
0.02017
4
0.023287
0
1
9
5
6
7
1
4
0
3
8
2
1
9
1
5
1
1
0
1
0
0.0629079,0.139043,0.00300542,0.181464,0.132962,-0.0311605,0.150599,0.382457,0.08082,
-0.0976532
0.0589561,-0.165191,0.222532,-0.19387,-0.0752809,0.165333,0.17529,0.0381825,-0.163464,
-0.133375
0.00529313,0.0848717,0.00137521,0.301167,-0.0348451,0.040755,-0.153456,0.139605,0.00130427,
-0.29632
0.095081,0.225683,0.14566,0.00238488,-0.205173,-0.0520889,0.00675711,-0.300841,0.183153,
-0.4477
0.0555723,-0.251348,0.144822,0.0438841,0.29121,-0.195586,0.0411728,-0.201876,0.196675,
-0.515257
-0.168571,-0.130967,-0.181391,-0.237582,-0.262456,
0.117633
27
8058
2042
2
1
0
2042
0
0.992784
0.977338
5
1
0
0
3
1
0
0
6
1
0
2004
0
1
0
0
7
1
0
2005
0
2
0
-0.049801
1
-0.054999
4
2
0.034776
0
-0.025031
3
0.019695
4
-0.078606
0
0
2006
2030
2079
0
0
2080
2080
0
2
2081
2081
0
4
2082
2082
0
0
2083
2083
0
0
2042
2117
2
1
0
2117
0
0.992612
0.870071
25
1
0
2005
2
1
0
2004
0
1
0
2004
2
1
0
2004
7
1
0
0
4
1
0
0
3
1
0
0
6
1
0
0
5
1
0
2005
7
1
0
2005
1
1
0
2004
8
1
0
0
8
1
0
2005
8
1
0
2005
6
1
0
2005
4
1
0
0
1
1
0
2004
4
1
0
0
2
1
0
0
0
1
0
2004
1
1
0
2004
6
1
0
0
7
1
0
2004
3
1
0
2004
5
1
0
2005
0
9
0
-0.049258
1
-0.083923
2
-0.049258
3
0.10223
4
0.076876
5
0.096678
6
-0.207399
7
0.051553
8
0.10223
21
0
-0.055376
1
0.088116
2
-0.055376
9
-0.106567
3
0.173365
4
0.113208
10
-0.163089
5
-0.053426
11
-0.044378
6
-0.186311
12
-0.163089
13
-0.053952
14
-0.009517
15
0.184582
16
-0.009517
17
-0.130824
8
0.173365
18
-0.210489
19
-0.106567
20
-0.053952
21
-0.06307
0
2
7
3
1
15
22
5
23
11
8
13
9
3
24
15
17
21
23
2
7
8
2
5
5
1
1
0
2
0
0
1
1
1
1
0.215767,-0.477144,-0.71582,-0.0897499,0.00616318,0.0944873,0.48432,
-0.0730426
0.201631,-0.47822,-0.175447,0.00999254,0.581006,-0.0140742,0.496929,
0.164811
-0.363013,-0.135474,-0.500184,-0.0608422,-0.148805,0.0108302,0.229621,
-0.0791652
0.515388,-0.0177494,-0.249901,-0.258388,-0.515867,0.168253,0.369594,
-0.129653
-0.180189,0.0458977,-1.15662,-0.444487,-0.359365,0.373112,0.200104,
0.187743
0.187192,0.0949562,-0.82348,-0.488295,0.0773909,
0.158053,0.102464,-0.0719892,-0.128662,-0.127105,0.12947,0.12376,-0.00560614,
0.0278336
-0.36278,0.340595,0.803389,0.190674,-0.452417,
0.0690049,0.340082,0.0549436,-0.199295,-0.333317,0.308955,0.00933645,0.0246741,
-0.321601
-0.00484589,-0.0170523,-0.00844498,-0.011216,-0.00721609,
-0.00288721,0.0177732,-0.0314536,-0.00747652,0.00575945,0.00120367,0.024468,0.0372006,
-0.0073481
-0.00734163,-0.00197557,0.00736641,-0.00236725,0.00573141,
-0.00764038,0.00534269,-0.00247927,-0.0101277,-0.00142992,0.00278666,0.00620492,-0.00506569,
-0.0110841
-0.0750435,-0.349896,-0.0388781,0.0281312,-0.0859168,
-0.0783953,-0.288166,0.125642,0.0957596,0.223608,-0.289855,0.0387649,-0.000748375,
0.368663
0.734929,-1.20303,0.0703943,-0.00402593,-0.552695,
0.172755
2042
2079
2145
0
1
2146
2146
0
5
2147
2147
0
5
2148
2148
0
3
1482
2180
2
1
0
2180
0
0.956442
0.824095
28
1
0
24
3
1
0
25
2
1
0
225
1
1
0
225
6
1
0
582
4
1
0
24
5
1
0
225
8
1
0
24
0
1
0
1272
1
1
0
25
3
1
0
23
2
1
0
225
3
1
0
1272
5
1
0
0
4
1
0
582
8
1
0
1272
2
1
0
24
2
1
0
1272
8
1
0
1272
7
1
0
26
3
1
0
582
6
1
0
414
4
1
0
648
8
1
0
423
7
1
0
582
0
1
0
413
5
1
0
581
8
1
0
581
3
8
0
-0.033287
1
0.084639
2
-0.03404
3
-0.03404
4
0.018846
5
-0.034389
6
-0.03404
7
-0.101277
14
0
-0.065465
15
0.060414
16
0.055913
17
-0.030244
2
-0.039192
18
-0.016818
3
-0.039192
19
0.026659
4
0.031398
20
0.009291
6
-0.039192
10
0.036066
11
-0.039192
14
0.017328
1
7
8
9
10
11
12
13
14
1
7
1
5
1
1
0
1
0
0.175358,0.0742602,0.126248,-0.417503,0.037058,0.0212337,-0.0354531,
0.138078
0.0923336,-0.0399835,0.230963,0.248337,0.149766,0.0154297,-0.480641,
-0.199804
0.273584,-0.0890943,0.239738,-0.0988858,0.00211879,0.219698,0.0353659,
-0.233948
-0.0334627,-0.229158,0.111525,0.254931,-0.060226,0.254096,0.0626637,
0.313866
-0.157483,-0.180631,-0.0440873,-0.665545,-0.0257815,0.112224,0.0476957,
-0.0476109
0.349201,-0.306337,-0.366705,0.365374,-0.27298,
-0.169268
1
9
21
22
23
24
19
25
26
13
27
1
9
1
5
1
1
0
1
0
0.26753,-0.135868,-0.132066,-0.0403262,-0.00617037,-0.410513,0.27637,0.0821765,0.0107334,
0.00586002
0.200462,-0.228756,-0.22849,0.116021,0.149625,0.0496098,0.0505031,-0.257373,0.320285,
0.0374703
-0.196165,-0.314652,-0.324329,0.242317,0.0741764,0.0680281,-0.0845585,0.0472236,0.39191,
0.303754
-0.093483,0.362628,0.354038,-0.0475954,-0.107607,0.140109,-0.140689,-0.0106736,-0.0458681,
0.0245533
0.212655,-0.215575,-0.230396,-0.0738343,0.19001,0.205844,0.125737,-0.18883,0.0805183,
0.494237
-0.289106,0.398201,-0.431594,-0.248161,-0.386485,
0.255452
1615
2145
2203
0
6
1615
2264
2
1
0
2264
1
0
0
0
0
0
0
0
2180
2203
2266
0
6
3207
2267
0
1
2540
2363
0
2
2364
2364
0
6
2365
2365
0
0
2366
2366
0
3
2367
2367
0
3
2368
2368
0
6
2369
2369
0
4
1482
2425
0
5
2426
2426
0
5
1975
2446
0
6
2447
2447
0
-1
2578
2488
2
1
0
2488
1
0
0
0
0
0
0
0
2117
2266
2489
2
1
0
2489
0
0.994863
0.985087
10
1
0
2267
8
1
0
2267
0
1
0
2267
7
1
0
2267
6
1
0
2266
4
1
0
2005
4
1
0
2266
3
1
0
2005
3
1
0
2004
3
1
0
2267
2
6
0
-0.032961
1
-0.018405
2
0.046681
3
0.015606
4
0.011109
5
0.011109
4
6
0.009173
7
-0.008727
8
-0.008727
9
0.010344
0
0
1974
2363
2490
2
1
0
2490
0
0.990541
0.973927
17
1
0
1974
0
1
0
2004
3
1
0
1974
4
1
0
2267
8
1
0
2004
4
1
0
2005
3
1
0
2267
2
1
0
2267
0
1
0
1974
6
1
0
2005
4
1
0
2267
4
1
0
1974
2
1
0
2266
3
1
0
1974
7
1
0
2041
2
1
0
2041
4
1
0
2041
1
13
0
-0.015344
1
0.024866
2
0.00733
3
-0.235647
4
-0.064807
5
0.024866
6
-0.081835
7
0.148596
8
0.021915
9
-0.064807
10
-0.008358
11
0.009618
12
0.024866
3
0
0.027112
13
0.053629
11
0.013866
0
1
6
11
8
4
14
15
16
1
6
1
5
1
1
0
1
0
-0.25185,-0.0867327,0.00579474,-0.145972,-0.15081,-0.158126,
-0.449814
0.027476,0.121723,-0.306642,-0.0694787,-0.0685026,-0.0652045,
0.215711
0.0816968,-0.215503,0.122335,-0.0159611,-0.0181707,-0.0227942,
-0.135691
-0.0397212,0.0247819,-0.0189987,0.00837487,0.0106307,0.0206741,
-0.0399968
-0.106225,-0.257358,0.0529941,0.194001,0.202926,0.197037,
0.181083
-0.264339,0.139242,-0.14769,0.0455988,0.192176,
-0.13826
1975
2425
2518
0
5
1975
2538
0
6
3826
2539
0
-1
2718
2540
2
1
0
2540
0
1.00174
0.946795
21
1
0
2005
1
1
0
2267
0
1
0
2004
1
1
0
0
2
1
0
2267
2
1
0
2004
4
1
0
2267
1
1
0
2004
5
1
0
2004
0
1
0
2266
5
1
0
0
3
1
0
2005
3
1
0
2267
8
1
0
2005
5
1
0
2005
4
1
0
0
4
1
0
2267
6
1
0
2004
3
1
0
2267
4
1
0
2266
4
1
0
2266
3
5
0
0.06761
1
0.010649
2
0.06761
3
-0.102893
4
-0.011673
18
5
-0.028049
6
-0.064126
7
0.026877
8
0.087062
9
-0.033557
1
0.096481
10
0.050694
11
0.014336
12
0.035104
13
0.026877
14
-0.028049
15
0.128579
16
0.030143
17
0.014336
18
0.008245
19
-0.028049
20
0.014336
4
-0.008025
0
1
2
13
18
1
2
1
5
1
1
0
1
0
0.0467394,0.15244,
0.408071
-0.00913105,0.321489,
0.00176076
0.274722,-0.141696,
0.0225109
-0.14249,0.0496381,
-0.107075
0.416102,0.01679,
0.000152468
0.455722,-0.255992,0.208913,0.108244,-0.272628,
-0.157356
2489
2518
2573
0
6
2574
2574
0
2
2539
2578
2
1
0
2578
0
0.97784
0.919203
8
1
0
2447
2
1
0
423
5
1
0
0
6
1
0
26
0
1
0
26
6
1
0
217
6
1
0
25
6
1
0
2446
6
2
0
0.019464
1
-0.059953
6
2
0.012825
3
-0.033272
4
-0.038591
5
0.036457
6
0.033777
7
0.032297
0
0
2538
2573
2666
0
5
2724
2667
0
2
2447
2718
0
6
2719
2719
0
-1
4286
2724
0
6
2667
2725
0
6
4078
2726
0
2
4341
2727
0
0
2005
2728
2
1
0
2728
0
1.04668
1.0123
9
1
0
0
0
1
0
0
1
1
0
0
6
1
0
0
5
1
0
0
3
1
0
0
4
1
0
0
2
1
0
0
7
1
0
0
8
2
0
0.005311
1
0.006479
4
0
0.010478
6
0.007425
3
0.007643
8
0.009506
2
7
2
3
4
5
1
0
6
9
1
2
7
3
5
6
4
0
8
2
7
9
2
5
5
1
1
0
2
0
0
1
1
1
1
0.138267,0.147947,0.244675,-0.370151,0.196564,0.153364,-0.5,
-0.168726
-0.0584854,0.0568686,0.314911,0.156365,0.135925,0.443572,0.192626,
-0.000189029
0.393163,0.54782,0.163044,0.156838,0.463562,0.620908,0.199216,
-0.363755
-0.193322,0.0461571,-0.0783177,-0.393219,0.369028,-0.52987,0.239706,
-0.145817
0.109647,0.414592,-0.302277,0.0303533,0.0676794,0.309267,0.472849,
-0.411982
0.0102802,0.0173813,-0.105822,-0.0660617,0.0590961,
0.0117192,-0.00228663,-0.00387151,-0.000905256,-0.0109342,0.00827838,0.01408,-0.0044803,-0.00330391,
-0.115307
-0.248199,-0.111434,0.0791768,0.00131015,-0.207922,
0.0243075,0.00773816,-0.0214555,0.0472824,-0.0073666,0.0199755,-0.000230827,-0.00704285,0.0304343,
0.0537132
-0.0233932,0.021505,-0.142632,-0.262589,0.152647,
0.0373573,-0.0374226,0.0433958,-0.0191651,-0.0626978,-0.0588592,-0.0396168,-0.100007,-0.012679,
-0.0651084
-0.0559106,0.0804577,-0.288186,-0.150514,0.00792575,
0.0736702,0.021928,-0.0324356,0.133774,-0.00126895,-0.00561524,0.01728,0.167952,0.0300985,
0.17635
0.0247258,0.166942,-0.155024,-0.0850682,0.0838085,
0.0552381,0.108126,0.0344663,0.0902951,0.0420216,0.0219917,0.0125478,-0.0477874,0.0593867,
0.131832
0.900487,-0.594518,0.122686,0.122705,0.128627,
-0.0319194
0
2041
2725
2879
2
1
0
2879
0
1.04833
1.04171
37
1
0
23
4
1
0
217
2
1
0
1508
4
1
0
25
4
1
0
2041
0
1
0
2728
4
1
0
1508
5
1
0
594
2
1
0
1171
2
1
0
633
3
1
0
413
2
1
0
583
0
1
0
415
2
1
0
2728
2
1
0
27
7
1
0
583
3
1
0
1508
1
1
0
415
5
1
0
423
6
1
0
594
1
1
0
1615
6
1
0
1615
0
1
0
1615
3
1
0
423
1
1
0
649
4
1
0
415
3
1
0
597
3
1
0
415
6
1
0
649
6
1
0
24
4
1
0
225
5
1
0
218
6
1
0
582
4
1
0
2203
5
1
0
597
5
1
0
1243
5
1
0
24
0
18
0
-0.007578
1
-0.00737
2
-0.008131
3
-0.016372
4
0.008131
5
0.008131
6
-0.008131
7
0.01771
8
0.007847
9
0.010276
10
-0.002895
11
-0.019573
12
-0.00412
13
0.008131
14
-0.018828
15
-0.007836
16
-0.008131
17
0.007863
26
18
-0.014296
19
-0.010639
20
-0.018617
21
-0.018617
2
-0.015415
22
-0.018617
3
-0.021789
4
0.015415
5
0.015415
6
-0.015415
23
-0.014296
7
0.024069
8
0.00585
10
-0.006067
11
-0.018735
24
-0.018886
13
0.015415
14
-0.016149
15
-0.012987
16
-0.015415
25
-0.003294
17
0.009095
26
0.017957
27
0.005707
28
-0.018886
29
-0.013081
0
1
7
30
31
32
33
34
35
36
1
7
1
5
1
1
0
1
0
0.131259,-0.367489,-0.039763,0.00615174,-0.0499314,0.0095868,-0.00508612,
-0.0206826
0.211877,0.19782,0.297921,-0.0417183,0.231196,0.0225397,0.0127916,
-0.0344149
0.783982,0.00639576,0.323395,-0.0441568,0.421494,0.14533,0.051443,
-0.0524804
-0.199643,0.105874,-0.0541825,0.0565077,0.0396727,-0.10784,-0.0308425,
0.0912143
0.215858,0.0250202,0.136452,-0.04407,0.287971,-0.132645,-0.00102598,
-0.243003
-0.1746,-0.26245,0.324718,-0.11222,-0.285472,
0.0826868
1509
2539
2880
0
6
582
2994
0
3
2995
2995
0
2
2539
3151
2
1
0
3151
0
1.0601
1.06411
41
1
0
217
0
1
0
217
8
1
0
414
6
1
0
414
2
1
0
413
0
1
0
413
1
1
0
217
7
1
0
217
2
1
0
413
2
1
0
0
0
1
0
26
4
1
0
414
3
1
0
225
4
1
0
26
3
1
0
27
4
1
0
27
3
1
0
27
7
1
0
217
1
1
0
218
4
1
0
24
7
1
0
413
4
1
0
25
4
1
0
25
8
1
0
0
5
1
0
413
7
1
0
225
1
1
0
26
8
1
0
23
0
1
0
27
2
1
0
414
8
1
0
23
4
1
0
26
1
1
0
217
6
1
0
413
8
1
0
414
1
1
0
27
5
1
0
0
2
1
0
413
5
1
0
27
1
1
0
216
2
1
0
26
6
10
0
-0.006408
1
-0.003579
2
0.00671
3
0.274668
4
-0.274842
5
0.002984
6
-0.005218
7
-0.002107
8
-0.004998
9
0.005972
10
31
0.005432
5
0.005091
6
-0.004914
32
0.005349
8
-0.004963
9
0.006739
17
-0.004388
21
-0.003824
23
0.005513
26
-0.004128
4
6
10
11
12
13
14
15
6
16
9
7
17
18
19
6
20
10
21
4
22
3
9
23
24
25
26
9
27
28
29
30
4
6
6
6
9
4
5
5
5
5
1
1
0
2
0
0
1
1
2
0
1
1
2
1
1
3
2
2
3
-0.075739,-0.0737265,0.279123,0.865918,0.177099,0.191225,
-0.107259
-1.04842,0.0380959,-0.042959,0.363297,-0.288,-0.278673,
-0.00074923
0.616268,-0.531957,1.48395,0.493915,-0.0996647,-0.0940004,
0.136324
-0.565542,-0.495623,0.989467,0.340268,-0.326541,-0.31326,
0.637997
0.0643142,-0.611491,0.191771,0.67448,-0.328599,-0.340143,
0.154312
-0.739656,-0.609144,0.600901,0.19271,0.431308,
-0.256225,0.376511,0.316285,0.136879,0.283593,-0.350807,
0.0928072
0.337106,-0.0835579,-0.0242788,-0.654002,0.0883595,
-0.0324464,0.0165664,0.0494508,0.0685262,0.464392,-0.206815,
-0.183975
0.136701,0.241721,-0.130995,0.203582,-0.162883,
0.46807,0.47572,0.197772,0.27453,-0.0472606,-0.0686031,
0.145566
0.195323,0.144547,-0.316218,0.265736,0.484893,
-0.306893,0.569167,0.169553,0.161775,0.389322,0.309967,
-0.120399
-0.194096,0.461859,-0.273029,-0.253441,0.0831625,
-0.0336024,-0.36342,0.218047,-0.133824,0.276876,-0.430786,
0.263099
0.368698,-0.955257,0.0737151,-0.230641,-0.396691,
0.16037,-0.170617,-0.116207,0.0857915,-0.0331217,-0.150911,
0.0739673
-0.381428,0.773395,-0.265119,0.00835401,-0.0272838,
0.0239028,0.00775014,0.00202812,-0.0499592,0.0804746,0.0533879,
-0.164923
-0.332195,0.0874986,-0.25981,0.319899,-0.0502541,
-0.067521,0.09652,0.0670446,-0.0220819,0.0241237,0.11288,
-0.000112821
-0.112049,-0.0544851,0.0710323,-0.277874,0.0218259,
-0.067075,0.138711,-0.0449074,0.0870722,0.0484921,0.103133,
-0.184855
-0.175762,-0.0725716,-0.280393,0.31662,-0.0283575,
0.0417632,-0.0124758,-0.0742763,-0.0532472,0.0224848,0.00563417,
-0.272175
-0.0594302,0.0698705,-0.0505459,0.427114,0.0660671,-0.0949272,-0.345478,0.0937815,0.0226837,
-0.227135
-0.0279676,-0.0947082,0.258688,-0.00365194,-0.0389217,-0.00192053,-0.0929086,-0.0893865,-0.00842756,
-0.0999169
0.176102,-0.00969262,0.219391,0.00785202,0.00483106,0.0567393,-0.0646209,0.0353499,-0.0304823,
0.109959
-0.0318146,0.0258982,0.141608,0.00929364,-0.0021564,0.0902147,-0.0165966,0.0231814,0.0589481,
-0.0191531
-0.0859259,0.0233863,-0.0878668,0.0395721,-0.106483,0.00460725,-0.0947313,-0.00411967,0.161381,
-0.0916124
0.206776,-0.803429,-0.148591,0.123959,-0.366331,
0.0479522,-0.0404177,0.0567328,-0.0720996,-0.0649139,
-0.0636391
1
9
33
34
35
36
0
37
38
39
40
1
9
1
5
1
1
0
1
0
0.0497651,0.0536645,0.253924,0.0139348,-0.248261,0.0142354,0.234961,0.240631,0.115188,
0.0121883
-0.0106357,-0.017092,0.219365,-0.0186033,0.143258,-0.0401272,0.204958,0.0758264,0.0180602,
-0.16475
-0.00628411,-0.00677735,0.0573121,0.0327243,-0.0481744,-0.149267,0.0441653,-0.0800067,0.0778513,
-0.217073
0.150725,0.148858,-0.354483,-0.176521,0.107424,0.0217254,-0.347899,0.0589469,-0.057784,
-0.224084
-0.0374074,-0.0442671,-0.0273669,0.109385,-0.00676554,0.0581452,-0.0215005,-0.0421734,0.00912184,
0.0154976
0.0528751,0.0836365,0.0395106,0.0748724,0.0288549,
-0.087138
648
2880
3152
2
1
0
3152
0
1.03815
1.03072
20
1
0
582
7
1
0
217
5
1
0
217
2
1
0
26
4
1
0
0
1
1
0
413
5
1
0
2880
1
1
0
1590
8
1
0
582
2
1
0
1350
5
1
0
414
0
1
0
217
1
1
0
413
8
1
0
2880
4
1
0
2880
8
1
0
27
7
1
0
2203
7
1
0
24
4
1
0
26
6
1
0
582
6
7
0
0.002988
1
0.005922
2
-0.003247
3
0.00349
4
0.004281
5
-0.004185
6
0.006157
14
7
0.007005
0
0.004043
1
0.007086
2
0.017411
8
-0.002019
9
0.01137
10
-0.005173
3
0.008549
11
-0.025828
12
0.022529
5
-0.018091
13
0.012033
6
-0.032282
14
0.023081
0
1
5
15
16
17
18
19
1
5
1
5
1
1
0
1
0
-0.0828507,-0.0550909,-0.0400176,0.110285,0.0268739,
-0.0444866
-0.179806,0.167069,0.10518,-0.0430346,0.0375665,
-0.0626458
0.365651,-0.0489046,-0.061908,-0.00748436,0.035883,
-0.0236125
-0.1555,0.088171,0.00327052,0.115608,-0.0545411,
0.146396
-0.169863,0.186383,0.0124233,0.04049,-0.177651,
0.134264
0.0458051,0.0696488,0.0700016,0.070053,-0.0816339,
-0.022873
1486
2994
3179
0
6
3180
3180
0
0
3181
3181
0
3
2540
3207
2
1
0
3207
0
1.0506
0.978448
33
1
0
2725
1
1
0
0
8
1
0
0
3
1
0
0
2
1
0
2005
5
1
0
0
0
1
0
2266
3
1
0
2727
1
1
0
2266
1
1
0
2005
3
1
0
2005
1
1
0
2005
2
1
0
2728
8
1
0
2728
0
1
0
2266
4
1
0
2005
4
1
0
0
4
1
0
2266
5
1
0
2728
1
1
0
2727
8
1
0
2727
3
1
0
2726
0
1
0
2726
2
1
0
2725
3
1
0
2725
0
1
0
2725
8
1
0
2725
2
1
0
2727
2
1
0
0
6
1
0
2726
1
1
0
2727
0
1
0
2266
2
1
0
0
1
12
0
0.0069
1
-0.026077
2
0.007154
3
-0.011947
4
0.007907
5
-0.026439
6
0.006829
7
0.0069
8
-0.005617
9
-0.006298
10
-0.005617
11
0.013646
25
0
0.005614
19
0.048688
20
0.045688
1
0.030116
2
-0.122258
21
0.076071
22
-0.03182
23
0.045688
5
0.01972
24
0.011156
6
0.052078
7
0.005614
8
0.034408
25
0.048688
26
-0.026605
9
-0.046795
10
0.034408
16
0.02747
27
-0.026605
11
0.049503
28
-0.070899
29
-0.10173
30
0.011156
31
0.049503
32
-0.082849
3
4
12
13
1
5
2
14
9
6
15
16
9
6
17
18
3
4
2
6
3
5
5
5
1
1
0
1
1
1
1
1
2
3
0
1
2
0.0284069,0.0274755,0.00110031,-0.0980238,
0.0224314
0.00186013,0.0129906,-0.557385,0.318583,
-0.41039
0.0616841,0.0555628,0.0183171,-0.401637,
0.0631068
0.0419857,0.0584512,0.508349,-0.272099,
-0.277649
0.013524,0.0147041,-0.0656557,0.223415,
0.0122288
0.299269,-0.0170417,
-0.288656
-0.0943912,0.0934534,
-0.0147315
-0.166592,0.304649,
-0.290278
-0.215257,0.328254,
-0.321753
0.183825,-0.125281,
-0.0120591
-0.0649302,-0.235746,-0.00755386,-0.00496202,-0.0410967,0.00683762,
-0.233814
-0.490921,0.14433,0.186423,0.172336,0.169516,-0.093281,
-0.259889
0.211098,-0.320439,0.0871196,0.0753808,0.162379,0.138024,
-0.226169
0.20838,-0.0858209,0.123925,0.105559,-0.0764097,-0.154045,
-0.152789
0.0569207,-0.0562668,0.197956,0.189538,-0.221612,-0.200808,
-0.207511
-0.0169052,-0.0859799,-0.0818639,0.0708357,0.248241,
-0.0518805,0.00270244,-0.0913218,-0.1056,0.0726086,
0.0694148,0.0837579,-0.0465006,0.0507089,0.0724698,
-0.0235713
0
2267
3179
3408
0
2
2490
3458
2
1
0
3458
0
1.06945
1.04475
9
1
0
583
6
1
0
423
8
1
0
597
8
1
0
582
0
1
0
1170
1
1
0
1170
2
1
0
1350
1
1
0
423
4
1
0
2203
0
9
0
1.0077
1
0.025692
2
-0.011619
3
-0.501734
4
-0.016827
5
0.015439
6
0.017437
7
0.025692
8
-0.501734
1
2
-0.009357
0
0
1481
3408
3602
0
3
648
3651
0
2
2538
3678
2
1
0
3678
0
1.0787
1.02494
17
1
0
26
1
1
0
26
8
1
0
26
4
1
0
0
3
1
0
23
0
1
0
24
5
1
0
0
0
1
0
23
6
1
0
27
0
1
0
0
8
1
0
24
6
1
0
23
7
1
0
26
3
1
0
23
4
1
0
27
3
1
0
0
4
1
0
0
1
7
0
-0.013256
1
0.012312
2
0.010964
3
-0.003102
4
-0.011096
5
-0.023308
6
0.007424
10
0
-0.007592
10
-0.017173
2
0.014908
3
-0.009198
11
-0.014357
12
0.013509
4
-0.019364
13
0.00978
6
0.01294
9
0.012064
1
3
7
8
9
1
3
1
5
1
1
0
1
0
0.0425364,-0.238067,0.0658778,
0.0212118
-0.158014,0.135089,0.0034183,
-0.0198846
-0.183956,-0.186661,0.326246,
-0.193881
0.0654527,-0.0706138,0.131784,
0.308451
-0.135341,-0.149488,0.349207,
-0.155875
0.100377,-0.130299,-0.133708,0.0772353,-0.123271,
-0.0725461
1
4
14
15
16
6
1
4
1
5
1
1
0
1
0
-0.500878,0.037655,-0.0561695,0.210279,
-0.29711
0.39308,0.0233019,-0.0629483,0.00176048,
-0.340359
-0.132757,0.134692,0.0970339,-0.134753,
-0.235546
-0.0415014,-0.0756758,0.0744372,-0.13402,
-0.0776478
0.133294,0.0340882,-0.0837559,0.270212,
-0.30528
0.0855365,-0.079185,-0.168962,-0.0610936,-0.0753074,
-0.0211202
217
3602
3679
2
1
0
3679
0
1.05975
1.03329
21
1
0
2727
2
1
0
2005
2
1
0
2266
2
1
0
2005
8
1
0
1974
6
1
0
2005
5
1
0
0
4
1
0
2005
1
1
0
2041
8
1
0
3207
3
1
0
3207
4
1
0
2725
4
1
0
2266
1
1
0
2728
7
1
0
2267
5
1
0
1974
7
1
0
3207
8
1
0
0
8
1
0
2725
1
1
0
2266
3
1
0
2005
3
3
0
-0.049587
1
0.026186
2
0.026186
6
0
-0.030321
1
0.012817
19
-0.02584
2
0.012817
14
0.006814
20
0.032897
2
8
1
3
4
5
6
7
8
9
10
10
11
12
13
14
15
16
6
17
18
2
8
10
2
5
5
1
1
0
2
0
0
1
1
1
1
0.204919,0.245913,-0.315504,0.176269,0.0477156,-0.0405024,0.126284,0.356994,
0.274346
-0.244425,0.331889,0.181513,0.279659,0.280935,-0.103105,0.0159624,-0.422342,
0.144501
0.195868,-0.219856,0.123263,-0.0983836,0.117245,-0.00591918,-0.265436,0.584115,
0.346648
0.532907,-0.13971,0.226026,-0.045034,-0.350283,-0.40612,0.174409,-0.18565,
-0.65783
-0.157779,0.0442095,-0.438283,-0.0804651,-0.0124807,0.0322879,-0.0324347,-0.511962,
0.273158
0.0976354,-0.0267709,0.0938708,0.205396,0.0391623,
0.0575487,-0.0166379,0.0398784,0.00320003,0.00843445,0.0252502,0.0615705,0.034125,0.0634654,-0.0340914,
-0.173669
-0.106074,-0.220806,-0.22774,-0.0761362,-0.174151,
0.152299,0.160776,-0.0860659,-0.00892977,-0.000759262,0.176534,0.159454,0.0581765,-0.0174957,-0.0676967,
-0.203209
-0.144089,0.134859,-0.0722566,-0.0445081,-0.13544,
-0.0233307,0.104692,0.108004,-0.141137,0.0564236,0.0381918,-0.0298578,0.0344935,-0.0669713,-0.112439,
-0.168071
0.0344585,-0.106762,0.0274448,0.00940436,-0.0746114,
-0.0112977,-0.055478,0.0140217,-0.084707,0.063591,0.0519214,-0.0197348,0.057449,0.0953048,-0.0154907,
0.0254575
-0.031612,-0.0606099,-0.0234857,0.0222155,0.0152264,
-0.0188994,-0.0213664,0.0324672,0.102224,-0.00794989,0.216467,-0.0221473,-0.0835293,0.00220201,-0.025455,
0.0214926
0.393116,-1.16231,0.22635,-0.118993,0.0677327,
-0.0359083
0
2490
3651
3687
0
3
1379
3722
2
1
0
3722
0
1.09051
1.08439
31
1
0
24
2
1
0
24
8
1
0
216
2
1
0
413
3
1
0
0
7
1
0
25
1
1
0
217
0
1
0
0
5
1
0
216
3
1
0
23
1
1
0
26
4
1
0
413
1
1
0
26
7
1
0
25
7
1
0
24
1
1
0
27
3
1
0
26
2
1
0
0
3
1
0
23
4
1
0
26
8
1
0
224
8
1
0
216
1
1
0
217
1
1
0
25
3
1
0
23
0
1
0
26
6
1
0
0
1
1
0
24
0
1
0
217
3
1
0
413
4
1
0
26
5
13
0
0.060978
1
0.041641
2
0.00488
3
-0.003212
4
-0.00833
5
-0.045324
6
0.003881
7
0.004465
8
-0.004404
9
-0.0586
10
0.003727
11
0.0023
12
0.00702
15
21
-0.005628
17
-0.003203
2
0.010174
22
-0.003359
3
-0.003585
23
-0.020328
24
0.017192
6
0.005601
8
-0.005273
10
0.004928
12
-0.006757
14
0.005547
25
0.011227
26
0.003746
27
-0.01171
1
8
13
14
15
16
17
18
19
20
1
8
1
5
1
1
0
1
0
0.0529052,-0.0141772,-0.0970023,-0.196471,0.12857,-0.160435,0.0940373,-0.0759594,
-0.352709
-0.117093,0.0134638,0.167158,0.125324,-0.0282337,0.0613984,0.057388,-0.0523899,
0.203249
0.290497,-0.0916451,0.247851,0.0635519,0.0153459,0.0847562,-0.160752,0.0533209,
-0.141641
-0.08272,-0.0249029,-0.419041,-0.0532686,0.0183954,0.143388,0.255301,0.091675,
0.012328
-0.0352716,0.0615091,0.231941,-0.00854563,-0.0751721,-0.152352,-0.0810856,0.258252,
-0.16329
0.0923761,0.0455976,0.0479568,0.105751,0.0491235,
-0.0720831
1
4
28
29
16
30
1
4
1
5
1
1
0
1
0
-0.0638284,0.0205342,0.0373113,0.234658,
-0.0195235
0.0947911,-0.13758,-0.0213945,0.056591,
-0.00742207
0.257718,-0.00797331,-0.136893,-0.030148,
0.0256557
0.193987,0.214997,-0.000766919,-0.127184,
-0.202066
0.23136,-0.0334348,0.125961,-0.121895,
0.0404409
0.0474477,-0.0280945,0.0890701,-0.127338,0.0760846,
-0.0867371
414
3687
3755
0
6
1319
3826
0
1
3997
3827
0
3
5332
3997
0
6
3998
3998
0
1
3999
3999
0
6
4000
4000
0
3
3827
4001
0
6
3827
4056
0
6
4057
4057
0
1
5332
4078
2
1
0
4078
0
1.07471
1.07446
13
1
0
0
5
1
0
2725
5
1
0
2725
4
1
0
2725
2
1
0
0
2
1
0
0
3
1
0
2725
3
1
0
0
4
1
0
0
7
1
0
0
1
1
0
2725
1
1
0
2725
7
1
0
0
0
5
0
-0.033558
1
0.030734
2
-0.019208
3
0.040272
4
-0.038997
8
0
-0.024258
5
0.022126
6
-0.022066
7
-0.031316
1
0.019589
2
0.030511
3
0.017223
4
-0.019575
0
1
8
8
9
4
10
11
12
7
1
1
8
1
5
1
1
0
1
0
0.0188701,-0.00415367,0.148093,0.062688,0.221484,-0.0585139,0.243552,-0.0729997,
-0.019821
-0.00425665,-0.0264578,0.0469091,-0.0587312,-0.0237399,-0.0694395,0.0636466,4.00664e-05,
-0.526773
-0.00264465,-0.0361676,0.0555947,-0.0605602,-0.0265575,-0.0809732,0.074634,0.000955002,
-0.606567
-0.118251,-0.093788,-0.147309,0.106204,0.112166,0.21632,-0.148041,0.219338,
0.135328
0.0702687,0.0815688,-0.0880124,-0.00443128,0.109431,-0.012101,0.102009,0.135032,
-0.403923
0.115718,-0.481578,-0.543656,0.0383842,-0.312424,
-0.0507676
2726
4056
4286
0
2
4309
4287
0
0
4288
4288
0
-1
5509
4309
0
6
5311
4333
0
6
2447
4341
2
1
0
4341
0
1.09641
1.05623
20
1
0
2726
3
1
0
2726
8
1
0
2726
4
1
0
2725
5
1
0
2725
8
1
0
0
1
1
0
0
7
1
0
0
8
1
0
2726
1
1
0
2725
7
1
0
2725
4
1
0
0
5
1
0
0
0
1
0
2726
5
1
0
0
4
1
0
0
3
1
0
2725
3
1
0
2725
1
1
0
0
6
1
0
2725
6
11
0
0.044374
1
-0.052009
2
0.049676
3
-0.037352
4
0.016904
5
-0.012194
6
0.0262
7
0.016904
8
-0.02728
9
0.0262
10
-0.039577
5
15
0.023046
5
-0.035006
16
-0.023643
17
0.037402
14
-0.027296
1
7
11
12
5
13
14
8
10
1
7
1
5
1
1
0
1
0
0.0188742,-0.0782458,0.0827291,0.0193344,-0.0287459,-0.176998,-0.0417129,
-0.588159
-0.0883818,-0.0207945,0.253209,0.0311552,-0.14685,-0.186044,-0.0613575,
0.179859
-0.0360019,-0.0290651,-0.0327198,0.0387448,0.237163,-0.0254171,0.224207,
-0.360395
0.0206656,-0.144702,-0.072676,0.0197843,0.0433729,-0.28623,0.0413836,
-0.0202586
-0.201155,-0.318661,-0.038037,0.0601566,0.343397,-0.49783,0.381466,
-0.239158
-0.487632,0.0956303,-0.304942,-0.334835,0.26454,
-0.037715
1
7
10
18
19
13
0
4
16
1
7
1
5
1
1
0
1
0
-0.0279935,0.127234,0.13182,0.0543021,-0.0323176,0.148309,0.100666,
-0.215166
0.237043,-0.0565664,-0.0548851,0.0257946,0.236373,-0.00709966,-0.196787,
-0.100417
0.018488,0.224792,0.218992,0.0810848,0.0163846,0.117293,0.0088252,
-0.328123
-0.127663,-0.224617,-0.225018,0.13955,-0.115416,-0.105409,-0.254186,
0.07957
0.0513657,0.0892336,0.0899214,0.0115147,0.0679587,-0.0455876,-0.127024,
-0.296762
-0.114581,0.114265,0.153914,-0.0435346,-0.280288,
-0.00102646
7867
4333
4387
0
3
3999
4398
2
1
0
4398
0
1.0979
1.07244
11
1
0
0
2
1
0
23
0
1
0
23
8
1
0
0
3
1
0
23
4
1
0
23
7
1
0
23
3
1
0
0
1
1
0
0
5
1
0
0
6
1
0
23
6
6
0
-0.010449
1
0.006113
2
0.006375
3
0.007391
4
-0.005829
5
0.007514
5
0
-0.005896
1
0.00477
2
0.003948
3
0.004082
10
0.003809
1
6
6
4
7
8
3
9
1
6
1
5
1
1
0
1
0
0.0183263,-0.118419,-0.132247,0.237087,0.0863896,0.0294098,
-0.111654
0.0422468,0.0287434,0.0988133,0.0871015,0.0434905,0.0624519,
-0.0967177
0.137076,0.14617,0.156329,0.159389,0.143057,0.0251,
-0.0293159
-0.0497488,-0.0465238,0.108355,0.272863,-0.0905988,0.278271,
-0.045118
0.15189,-0.0260511,-0.162736,0.0516172,-0.0700634,-0.0953772,
-0.315178
-0.0460772,-0.151659,0.0444491,0.0481427,0.0626571,
-0.0228953
0
24
4387
4577
0
1
1171
4955
0
2
4956
4956
0
1
2539
5190
0
2
5191
5191
0
1
5192
5192
0
5
5193
5193
0
3
603
5289
0
6
4398
5311
0
1
5346
5312
0
3
5373
5332
0
2
5333
5333
0
6
5311
5346
0
6
6218
5347
0
1
5348
5348
0
3
8743
5373
0
6
5374
5374
0
0
5507
5447
0
6
5499
5499
0
2
5502
5500
0
0
4288
5502
0
0
5507
5507
0
6
5509
5509
0
3
5510
5510
0
1
5689
5511
0
-1
6521
5689
0
0
5690
5690
0
6
5691
5691
0
2
5511
5952
0
1
5953
5953
0
6
6163
5954
0
3
5955
5955
0
3
5956
5956
0
0
5311
6163
0
6
6164
6164
0
2
5954
6218
0
1
5348
6403
0
6
5312
6443
0
6
5511
6521
0
1
7835
6522
0
3
7167
6523
0
-1
7971
6722
0
6
6522
7042
0
0
7043
7043
0
2
6522
7167
0
6
6523
7178
0
6
7179
7179
0
6
7181
7180
0
-1
7259
7181
0
2
7196
7182
0
0
7180
7196
0
0
7846
7259
0
6
7260
7260
0
6
7262
7261
0
-1
8774
7262
0
3
7263
7263
0
0
7266
7264
0
2
8056
7265
0
1
7261
7266
0
6
7264
7816
0
5
3827
7835
0
6
6522
7846
0
3
7263
7847
0
1
8770
7867
2
1
0
7867
0
1.20915
1.06467
22
1
0
0
7
1
0
0
6
1
0
2725
0
1
0
0
8
1
0
0
3
1
0
2725
2
1
0
2725
7
1
0
2726
2
1
0
2725
1
1
0
2726
0
1
0
0
1
1
0
0
0
1
0
2726
3
1
0
0
2
1
0
2725
3
1
0
2726
8
1
0
2726
4
1
0
2726
1
1
0
2726
5
1
0
2725
4
1
0
0
4
1
0
0
5
18
0
-0.027429
1
-0.231025
2
0.184199
3
-0.274052
4
0.169492
5
0.100589
6
-0.027429
7
-0.375142
8
0.091988
9
0.226217
10
-0.098489
11
0.184199
12
-0.045647
13
-0.093503
14
-0.167589
15
0.055195
16
0.032077
17
0.280337
15
0
-0.067233
1
0.136872
2
-0.048375
3
-0.114718
19
-0.102765
6
-0.067233
7
0.140321
20
-0.102765
9
-0.07647
11
-0.048375
12
0.217151
21
0.107932
15
0.139654
16
-0.105807
17
0.122105
1
5
18
16
10
7
19
1
5
1
5
1
1
0
1
0
-0.0222163,0.0694215,-0.123006,0.124073,0.213687,
-0.124696
-0.0165943,0.0859262,-0.117618,-0.00288338,0.00544598,
0.0369136
-0.00665732,-0.123723,0.144091,-0.0135641,-0.209365,
-0.245372
-0.054997,-0.172146,-0.233931,-0.212924,0.0854566,
-0.0633631
-0.0330434,0.26747,-0.262238,0.0191484,-0.0620007,
0.087809
0.121013,-0.0470629,-0.194381,0.132108,-0.104483,
-0.00076277
0
2727
7816
7965
0
0
2573
7971
0
6
7179
8056
0
3
8057
8057
0
1
7847
8058
2
1
0
8058
0
1.20843
1.17861
3
1
0
0
4
1
0
0
3
1
0
0
1
0
0
1
3
0
1
2
1
3
1
5
1
1
0
1
0
-0.075787,-0.452588,-0.32983,
-0.0625612
-0.00379767,-0.013215,0.00891745,
0.0125248
-0.119315,0.158644,0.630377,
0.0264112
0.0239088,0.0398851,0.0648804,
-0.190657
0.197116,-0.554546,-0.0865612,
0.46275
0.0945127,-0.00674293,0.0519527,-0.246453,-0.169109,
0.0176639
0
2004
7965
8743
0
3
5374
8770
0
6
8771
8771
0
0
8772
8772
0
2
7261
8774
0
1
11481
8775
0
3
8776
8776
0
-1
-1
8796
0
3
8797
8797
0
1
11146
8799
0
3
8800
8800
0
1
8776
11039
0
3
11040
11040
0
3
6521
11046
2
1
0
11046
0
1.22361
1.2137
15
1
0
0
4
1
0
0
0
1
0
0
1
1
0
23
8
1
0
23
7
1
0
0
8
1
0
0
6
1
0
23
5
1
0
0
3
1
0
23
6
1
0
23
4
1
0
0
7
1
0
23
1
1
0
0
2
1
0
23
0
11
0
-0.024762
1
-0.012788
2
0.025309
3
-0.016944
4
0.016832
5
-0.011467
6
-0.006438
7
0.020289
8
-0.026606
9
0.021
10
0.032012
12
13
0.015191
11
0.006245
0
-0.015497
14
-0.016609
1
-0.033955
2
0.030449
3
-0.026413
6
-0.012608
7
0.01341
8
-0.046622
9
0.042359
10
0.047721
3
6
8
11
2
5
10
4
3
0
6
3
5
12
13
7
2
6
3
6
3
5
3
5
5
5
1
1
0
1
1
1
1
1
2
3
0
1
2
0.386171,0.246527,0.114146,0.105072,-0.27131,-0.325072,
-0.254866
-0.125878,-0.0288681,-0.0434731,-0.28447,0.12987,0.420277,
0.204954
-0.0597896,0.151081,0.0522667,-0.0409451,0.220146,0.0961362,
0.400778
-0.118317,0.181442,-0.0194554,0.173928,0.0936514,-0.159425,
-0.0516375
-0.0541678,0.137588,-0.0786573,0.261624,-0.120711,-0.252677,
-0.744148
-0.135861,0.122311,-0.0798561,
-0.111921
-0.00230826,-0.132702,-0.104801,
-0.57535
0.170398,-0.0679359,0.0278376,
-0.136603
0.43035,0.278353,0.0463983,
0.100832
0.0129844,0.0737392,-0.0146416,
-0.0299613
-0.252507,0.0723389,0.0374883,0.154527,0.0633219,
-0.0137485
0.117163,-0.186335,-0.0343076,0.0614848,0.0644885,
-0.0684205
-0.0668062,0.0992079,0.14668,0.123857,0.160908,
-0.0629235
0.028426,0.0548477,0.315737,0.0281314,0.140413,
-0.0365691
0.113426,0.138358,-0.0252681,-0.0257708,-0.0785531,
-0.13794
-0.0904541,-0.0453137,0.0525397,0.0272647,0.0506709,
0.0568763,0.0510115,0.0401401,0.142133,0.0327294,
0.0380603,0.0468433,-0.0957304,-0.0726071,0.0349836,
-0.0823822
0
5289
11039
11146
0
0
11147
11147
0
1
11148
11148
0
2
11149
11149
0
3
11150
11150
0
6
8776
11481
0
3
8776
708
56
0
0
-1
279
173
0
0
174
174
1
0
378
175
0
0
176
176
1
0
246
177
0
6
178
178
0
-1
300
246
0
0
532
247
1
0
287
248
1
0
249
249
0
1
533
268
1
0
269
269
0
1
270
270
0
6
176
271
2
1
1
271
0
1.03383
1.02614
7
1
1
0
1
1
1
0
3
1
1
0
2
1
1
0
8
1
1
0
5
1
1
0
4
1
1
0
6
2
0
-0.025377
1
0.010434
3
2
-0.014476
1
0.016687
4
-0.01891
1
7
2
3
1
4
0
5
6
1
7
1
5
1
1
0
1
0
0.205276,-0.227561,0.19828,0.320805,-0.550371,-0.121935,-0.122696,
-0.00414128
0.254368,0.00078115,0.251508,-0.438875,-0.241236,0.170794,-0.0603453,
-0.0143049
-0.123037,-0.121358,0.225541,0.167387,-0.44673,-0.1987,-0.0674747,
-0.0199554
0.424733,0.149356,0.293645,-0.261718,-0.283995,0.191905,-0.118075,
-0.444467
-0.599696,-0.09624,0.181396,0.165156,-0.281029,0.14982,-0.0913254,
-0.0795608
0.145014,0.168288,-0.176825,-0.210521,-0.125607,
0.0106306
1
5
5
4
2
0
1
1
5
1
5
1
1
0
1
0
-0.0226752,-0.499266,-0.323046,0.0179057,0.199614,
0.0238283
-0.00322293,-0.00696218,0.00522979,-0.000615755,-0.00418029,
-0.0127074
0.497829,-0.757151,0.144422,-0.065585,-0.161977,
-0.0874818
-0.00353674,0.148611,-0.158389,-0.253474,-0.451636,
0.303096
-0.0920305,0.236651,0.0747559,-0.34829,-0.405957,
0.43578
0.120143,-0.00210976,0.23307,-0.173382,0.148311,
-0.0150458
377
268
278
0
1
271
279
2
1
1
279
0
1.03846
1.03974
7
1
1
0
3
1
1
0
1
1
1
0
5
1
1
0
8
1
1
0
6
1
1
0
4
1
1
0
2
2
0
0.016393
1
-0.02001
4
2
-0.019585
0
0.015151
4
0.01651
1
-0.013543
1
7
2
3
4
5
0
6
1
1
7
1
5
1
1
0
1
0
-0.176879,0.0656645,0.00704642,0.221454,-0.13,0.05533,0.169506,
0.0509343
-0.0508071,0.0411266,0.0228755,-0.0247881,-0.0149105,-0.0155881,0.00306945,
-0.0380801
0.027735,0.0633034,0.211201,0.24395,0.329249,-0.404584,-0.0611554,
-0.503288
-0.00806981,-0.00445935,-0.0101185,-0.00747815,-0.00219442,-0.0048262,-0.00826755,
-0.00840693
-0.462936,0.0434534,0.129992,0.485529,-0.14864,-0.101173,0.282349,
-0.0886057
-0.19815,-0.0394854,-0.112653,-0.0087147,0.183274,
0.0174426
1
2
1
6
1
2
1
5
1
1
0
1
0
-0.99404,0.448394,
0.0536913
0.240151,-0.297752,
0.157764
0.00035246,-0.0122366,
-0.00422154
0.0028896,-0.0121901,
-0.0116146
-0.000788916,-0.00444181,
-0.0108315
0.138904,0.0796453,0.00327932,0.00263942,9.52029e-05,
-0.0196812
271
278
287
1
0
288
288
0
3
289
289
0
0
290
290
0
3
248
300
0
6
530
301
1
0
302
302
0
-1
705
305
0
2
306
306
0
0
173
375
0
1
376
376
0
5
176
377
2
1
1
377
0
1.06053
1.05695
2
1
1
0
1
1
1
278
0
2
0
-0.041908
1
-0.053868
1
0
-0.031146
0
0
173
305
378
2
1
1
378
0
1.06133
1.038
26
2
1
174
0
2719
2
2
1
174
0
2539
8
1
1
271
6
1
1
271
7
2
1
174
0
2578
4
2
1
174
0
2574
8
1
1
0
5
1
1
279
6
1
1
173
8
1
1
0
2
1
1
279
0
1
1
279
2
1
1
0
4
1
1
0
1
1
1
279
4
2
1
174
0
2447
8
2
1
174
0
3207
0
1
1
306
4
2
1
174
0
2726
5
2
1
174
0
1482
8
1
1
306
1
2
1
174
0
2005
5
2
1
174
0
2267
6
2
1
174
0
3207
4
2
1
174
0
1482
4
2
1
174
0
2539
5
6
0
0.010221
1
0.062981
2
0.013163
3
0.013163
4
-0.015558
5
-0.076801
18
15
-0.064168
8
0.106812
1
-0.064063
2
0.014838
16
-0.018442
17
0.021081
18
-0.031635
19
0.071898
20
-0.090885
3
0.014838
21
0.077613
22
-0.099131
23
-0.018442
24
0.021611
25
0.086912
4
-0.023267
5
0.05339
6
-0.024835
1
9
6
7
8
9
10
11
12
13
14
1
9
1
5
1
1
0
1
0
-0.147884,-0.139971,-0.0501071,-0.0332954,-0.150842,-0.142645,0.0884365,-0.0402897,-0.1557,
0.136162
-0.00345257,0.00765971,-0.00999412,0.00183964,0.00756477,-0.00683994,-0.00749397,0.000893361,-0.0105257,
-0.00855463
-0.102925,-0.0275293,0.0701926,0.252605,-0.0388118,-0.0260759,-0.338106,-0.250256,-0.0274817,
-0.313176
-0.452397,-0.0868599,0.275963,-0.3031,-0.0790258,-0.0811205,0.0950244,0.365667,-0.0837361,
-0.435943
-0.315584,-0.109114,-0.0913787,0.0135682,-0.12239,-0.125675,0.189119,-0.109937,-0.110124,
0.098876
0.00293918,0.00133271,-0.436525,-0.254507,0.0512417,
-0.0176335
0
175
375
450
0
2
451
451
0
0
247
527
0
3
528
528
0
3
529
529
0
6
178
530
1
0
531
531
0
2
301
532
2
1
1
532
0
1.07613
1.07831
37
2
1
174
0
2266
8
2
1
174
0
2726
1
1
1
173
2
1
1
173
1
1
1
246
1
2
1
176
0
3678
0
1
1
279
6
1
1
279
5
2
1
176
0
225
7
2
1
176
0
2724
6
2
1
174
0
2041
3
2
1
176
0
2667
0
2
1
176
0
423
8
2
1
176
0
1350
6
1
1
175
0
2
1
176
0
2266
3
1
1
279
7
1
1
378
5
2
1
176
0
2267
6
2
1
176
0
3679
3
1
1
173
0
2
1
176
0
2267
1
2
1
176
0
2719
2
1
1
306
3
2
1
174
0
2578
5
1
1
378
3
2
1
174
0
3207
8
2
1
174
0
0
3
1
1
246
5
1
1
0
1
1
1
378
0
1
1
175
3
1
1
279
3
1
1
173
3
1
1
246
8
1
1
0
2
1
1
377
2
5
0
0.111948
1
-0.11869
2
-0.009827
3
0.012792
4
0.004383
5
0
0.102645
1
-0.08731
2
-0.008583
8
0.032267
22
0.007515
2
9
5
6
7
8
9
10
11
12
13
8
14
15
16
17
18
19
20
21
2
9
8
2
5
5
1
1
0
1
1
1
2
0
1
-0.144909,0.0763899,0.0708617,0.221394,-0.608483,0.11385,-0.600512,-0.298382,-0.260585,
-0.157235
-0.028732,-0.110746,-0.102788,0.108825,-0.352005,-0.41948,-0.345783,-0.10332,-0.357128,
0.352732
0.41831,0.0504771,0.059901,0.201997,0.0983349,0.35426,0.10722,-0.513211,0.323154,
0.167076
-0.158311,-0.107771,-0.0981681,0.404173,-0.150725,-0.302963,-0.153418,-0.490472,-0.115058,
-0.0193575
-0.114651,0.0482419,0.0499558,-0.333416,-0.623358,0.0963494,-0.619081,-0.428492,0.0265521,
0.33926
-0.256537,0.00416065,0.17689,-0.156227,0.106252,-0.0385269,0.264855,0.286802,
-0.0712237
-0.0704641,0.0710717,0.177654,-0.138875,-0.106567,-0.00124151,0.356733,0.431209,
-0.17273
-0.193267,0.219427,0.073072,0.0462954,0.0693838,-0.526387,-0.240251,-0.249536,
0.176155
-0.187236,-0.0102927,0.165993,-0.230297,0.0389846,0.466455,-0.171472,-0.153959,
0.212203
-0.0154348,0.124953,0.134616,0.178813,-0.14548,0.129967,0.106042,-0.312075,
-0.271327
0.143513,-0.101242,-0.068816,0.107593,-0.113571,
0.14641,-0.117434,-0.131391,-0.131076,0.197473,
0.0988361
2
5
23
24
25
26
27
9
28
29
30
31
32
33
34
35
36
2
5
9
2
5
5
1
1
0
1
1
1
2
0
1
0.137618,-0.124964,0.307518,-0.1825,0.254094,
-0.245319
-0.0414542,0.231914,0.124838,-0.219128,0.148273,
-0.139634
-0.0260865,0.537136,0.31944,-0.356035,-0.280276,
0.0975022
0.0662359,-0.120082,0.0614028,-0.0038401,0.398453,
-0.0722586
-0.0627652,0.291323,0.371194,-0.183087,-0.135434,
-0.480862
0.146096,-0.00159865,0.107671,-0.107729,-0.105613,-0.0204936,-0.138772,-0.133715,0.157481,
-0.224246
0.0392209,0.266963,0.0909017,-0.0698153,-0.15874,0.00740022,-0.00595067,0.304225,-0.00744137,
-0.119118
-0.0251153,0.0103939,-0.369288,-0.0231339,0.179037,0.233391,-0.0326905,-0.0937431,-0.120087,
0.272935
0.0784613,0.0649447,0.0473754,0.00395695,0.0659237,0.00118471,-0.0156712,0.0822689,0.1241,
0.0733297
-0.00648361,-0.0283763,-0.0691896,0.0391424,-0.247078,0.224888,0.0179708,-0.02693,0.223711,
0.079236
-0.168202,0.131847,-0.104004,0.147912,0.158445,
0.0812745,-0.0550734,-0.127364,-0.0484206,-0.0825624,
0.0753284
247
450
533
2
1
1
533
0
1.07162
1.06112
2
1
1
246
0
2
1
247
0
0
3
2
0
0.00425
1
-0.003504
2
0
0.007091
1
-0.003145
0
0
178
527
540
0
1
541
541
0
-1
706
559
0
3
707
560
0
0
561
561
0
0
562
562
0
-1
698
647
0
1
648
648
0
3
649
649
0
1
560
698
0
6
699
699
0
2
700
700
1
0
701
701
0
2
702
702
0
-1
-1
705
2
1
1
705
1
0
0
0
0
0
0
0
541
540
706
2
1
1
706
0
1.0736
1.07615
4
2
1
174
0
225
6
2
1
287
0
225
8
2
1
176
0
2578
8
1
1
540
1
3
0
0.047389
1
0.022924
2
0.014151
3
0
0.043385
1
0.024997
3
0.004748
0
0
562
559
707
2
1
1
707
0
1.0797
1.08272
1
1
1
533
0
1
0
0.028188
1
0
0.023812
0
0
560
647
1144
79
0
0
-1
940
65
1
0
859
66
0
2
67
67
0
-1
90
68
2
1
2
68
0
1.05418
1.05684
6
1
2
0
2
1
2
0
3
1
2
0
1
1
2
0
5
1
2
0
8
1
2
0
7
0
0
0
1
6
0
1
2
3
4
5
1
6
1
5
1
1
0
1
0
-0.19942,-0.131108,0.189317,0.0703663,0.0112897,0.212392,
-0.12912
-0.0394019,0.152709,0.111098,-0.0938324,-0.0903806,0.0328758,
0.147623
0.152972,0.152458,-0.2326,0.0796137,0.233655,0.00832748,
-0.0595391
0.154834,0.0309616,-0.102946,-0.146318,0.169847,-0.222131,
-0.0489196
0.275653,-0.0513557,-0.137389,-0.135952,0.143199,-0.315575,
0.107531
0.0489531,0.0662742,0.0635812,-0.161534,0.0969994,
-0.0606974
99
65
69
0
6
70
70
0
-1
91
74
0
0
976
75
0
-1
783
89
1
0
75
90
2
1
2
90
0
1.05628
1.05782
2
1
2
67
7
1
2
0
4
1
0
-0.007764
1
1
0.006777
0
0
70
69
91
2
1
2
91
0
1.06016
1.06468
1
2
2
65
0
2041
5
1
0
-0.050324
0
0
0
75
74
95
0
2
628
99
2
1
2
99
0
1.04651
1.03741
2
1
2
0
1
1
2
0
2
0
2
0
-0.01043
1
0.008537
0
0
67
95
137
0
3
138
138
0
2
139
139
0
6
140
140
0
1
89
153
0
0
154
154
0
-1
600
167
1
0
168
168
0
-1
232
216
0
0
217
217
0
-1
273
227
0
3
228
228
0
-1
602
229
2
1
2
229
0
1.04547
1.04846
16
1
2
0
6
1
2
95
1
1
2
95
4
1
2
95
8
1
2
0
5
1
2
95
2
1
2
0
8
1
2
0
7
1
2
95
3
1
2
0
0
1
2
95
0
1
2
0
4
1
2
0
2
1
2
0
3
1
2
0
1
1
2
95
7
15
0
-0.030082
1
-0.002909
2
-0.032125
3
0.02029
4
0.034791
5
-0.04763
6
-0.002909
7
-0.01416
8
0.034468
9
0.048516
10
0.030642
11
-0.034813
12
0.003013
13
0.002704
14
-0.008434
14
15
0.005165
0
-0.018675
2
-0.029461
3
0.009635
4
0.028444
5
0.063113
7
-0.010869
8
0.020035
9
-0.061958
10
0.021083
11
-0.017565
12
0.003448
13
-0.002889
14
-0.00797
0
0
792
137
230
2
1
2
230
0
1.06286
1.06116
2
1
2
0
8
1
2
75
2
0
2
0
-0.005759
1
0.006187
0
0
154
153
231
2
1
2
231
0
1.07459
1.07665
14
1
2
153
5
1
2
75
3
1
2
75
8
1
2
75
0
1
2
154
4
1
2
75
4
1
2
154
5
1
2
153
6
1
2
153
7
1
2
153
4
1
2
154
7
1
2
75
7
1
2
153
1
1
2
154
6
11
0
0.546397
1
-0.123269
2
2.52334
3
-2.54761
4
0.063891
5
-1.09036
6
0.546397
7
2.55418
8
-1.26138
9
0.063891
10
-1.26138
14
0
0.034929
1
0.077035
2
-0.020567
3
0.087584
4
-0.036832
5
-0.0662
6
0.034929
11
-0.007148
7
-0.041607
8
0.011518
12
0.004269
9
-0.036832
10
0.011518
13
-0.041607
0
0
168
167
232
2
1
2
232
0
1.08274
1.08186
18
2
2
89
0
3997
1
2
2
89
0
3826
0
2
2
89
0
3827
4
2
2
89
0
3997
0
2
2
89
0
3827
8
2
2
89
0
3827
1
2
2
89
0
1482
2
2
2
89
0
415
6
2
2
89
0
594
0
2
2
89
0
2538
5
2
2
89
0
603
5
2
2
167
0
27
2
1
2
67
8
1
2
67
1
2
2
167
0
0
1
2
2
167
0
2446
3
2
2
167
0
2574
6
1
2
68
4
6
0
0.012086
1
0.035617
2
-0.066611
3
0.035617
4
0.011585
5
-0.01847
9
6
-0.011299
0
0.011329
1
0.041912
7
0.022135
8
0.017782
9
-0.016837
2
-0.075913
3
0.041912
10
-0.019404
0
1
7
11
12
13
14
15
16
17
1
7
1
5
1
1
0
1
0
0.0579367,0.0194349,0.127692,-0.0347201,-0.0164288,0.103337,-0.240013,
-0.276932
0.0322041,0.014759,-0.0462714,0.0316167,0.0140505,0.000523351,-0.0178737,
-0.225346
0.0825849,0.0770505,0.354523,0.183104,0.257739,-0.0371981,0.10838,
-0.429732
-0.192518,-0.160206,0.0699237,-0.0466652,0.114109,0.267469,-0.130469,
-0.00412316
0.053954,0.0189687,0.0615002,0.0152368,0.0668378,0.0298866,-0.0068728,
-0.110649
-0.122821,-0.504612,0.122798,0.0424581,-0.398252,
-0.0114264
217
216
233
2
1
2
233
0
1.11448
1.11292
19
2
2
167
0
1350
5
2
2
167
0
4000
6
2
2
167
0
3999
7
2
2
167
0
2041
6
2
2
167
0
0
0
2
2
167
0
3678
1
1
2
153
0
1
2
67
3
2
2
167
0
649
2
1
2
67
2
1
2
66
7
1
2
68
8
1
2
91
7
2
2
167
0
2728
1
2
2
167
0
27
4
1
2
217
1
1
2
153
4
2
2
167
0
3998
6
1
2
75
3
4
0
-0.055105
1
-0.05587
2
0.059933
3
0.033158
8
12
-0.049505
1
-0.057972
13
-0.034288
2
0.049651
14
-0.035487
3
0.12043
9
-0.010403
11
-0.023241
1
8
4
5
6
7
8
9
10
11
1
8
1
5
1
1
0
1
0
-0.0147893,0.231826,-0.0172495,-0.000245872,-0.00121171,0.0109597,0.00630646,-0.0476245,
-0.00371831
-0.00754111,0.186332,0.00703524,0.00217632,0.0260694,0.00495619,0.000337218,-0.057043,
-0.0117874
0.00568294,-0.462624,0.0129424,0.0159226,-0.0160158,-0.034199,-0.0193954,-0.150236,
-0.0761216
-0.103702,-0.0850581,-0.089525,0.0857843,-0.396664,0.168202,0.199639,0.0752557,
-0.905613
0.00702302,-0.16233,0.00481609,-0.0824475,0.0397649,-0.0543161,-0.0651107,0.102229,
0.100781
-0.238211,-0.194436,-0.155263,-1.44286,-0.0641934,
0.0475026
1
4
15
16
17
18
1
4
1
5
1
1
0
1
0
0.248845,0.159057,-0.0235736,0.100642,
-0.00497829
-0.00662472,-0.0071768,0.21272,-0.046933,
-0.173239
0.00245924,-0.296475,0.0106254,0.303448,
-0.165424
-0.00633904,-0.00924548,0.320085,-0.0297161,
-0.0129916
0.17426,0.0788934,0.029836,-0.0996743,
-0.413098
0.0659936,-0.244682,-0.456988,0.183394,-0.765762,
0.0394601
228
227
234
0
3
235
235
0
1
236
236
0
3
68
244
2
1
2
244
0
1.06351
1.05898
9
1
2
0
1
1
2
0
2
1
2
0
7
1
2
0
5
1
2
0
4
1
2
0
3
1
2
0
6
1
2
0
0
1
2
0
8
0
0
0
1
9
0
1
2
3
4
5
6
7
8
1
9
1
5
1
1
0
1
0
0.124482,0.261348,0.0965551,-0.000750923,-0.111823,0.0411801,0.0477057,-0.0313722,0.243875,
0.383465
-0.00230801,-0.0660431,-0.0568758,0.0200818,0.000991311,0.0774227,0.0492871,0.00681601,0.0664742,
-0.715771
0.093983,-0.279385,0.103233,0.043365,-0.151165,0.0174653,-0.0650609,-0.00564131,-0.0379815,
-0.180859
-0.00602447,0.0681273,-0.166959,0.188726,0.31141,0.035818,0.0660422,0.136867,-0.0698786,
0.013083
0.0633622,0.165565,0.109754,-0.036193,-0.0489131,-0.0455185,-0.068627,-0.134897,-0.0772105,
0.0229067
0.0576294,-1.13075,0.0562949,0.0333836,-0.0960416,
-0.0680893
68
234
261
0
1
154
264
0
6
265
265
0
6
228
273
2
1
2
273
0
1.05673
1.0574
9
2
2
65
0
1482
2
1
2
154
8
1
2
99
2
1
2
216
8
1
2
74
1
1
2
231
7
1
2
0
2
1
2
70
1
1
2
154
6
1
0
0.03045
1
1
0.010537
0
1
7
2
3
4
5
6
7
8
1
7
1
5
1
1
0
1
0
-0.12614,-0.0294419,0.0518163,0.00327468,0.0321993,0.148278,-0.0272196,
0.0128652
0.124012,-0.0048101,0.0014286,0.139984,-0.116595,-0.0578216,0.0762654,
0.0739808
0.15903,-0.177499,0.103399,-0.133744,0.166878,0.10414,0.212417,
0.241777
-0.0456827,0.0964716,0.188624,-0.0122306,-0.0328869,0.0709018,0.0495129,
-0.0449521
-0.026503,-0.0543264,0.0501728,0.0310346,-0.16259,-0.113539,0.0183838,
-0.097473
-0.143649,-0.0850044,0.0758698,0.0600181,0.0901083,
-0.00708964
233
264
334
1
0
542
345
0
0
346
346
0
1
347
347
1
0
334
357
1
0
358
358
0
6
601
490
0
1
491
491
0
6
334
542
0
2
543
543
0
2
228
595
0
0
596
596
0
2
603
597
0
-1
818
598
1
0
597
599
2
1
2
599
0
1.06385
1.05434
7
1
2
68
6
2
2
89
0
2573
8
1
2
244
8
2
2
89
0
2447
6
2
2
89
0
2446
6
2
2
89
0
2447
7
2
2
89
0
1482
7
3
0
0.012996
1
-0.015774
2
0.014541
5
3
0.036647
4
-0.03275
5
0.009352
0
0.021979
6
-0.013716
0
0
490
345
600
2
1
2
600
0
1.06287
1.07149
16
2
2
89
0
4001
2
2
2
89
0
3827
3
1
2
91
1
2
2
89
0
3755
7
2
2
89
0
2447
1
2
2
89
0
1317
8
2
2
89
0
2666
0
2
2
89
0
2578
4
2
2
89
0
3998
3
2
2
89
0
0
6
2
2
89
0
2719
2
1
2
67
4
1
2
67
5
1
2
154
3
1
2
91
3
2
2
89
0
1482
2
3
0
-0.469811
1
0.462753
2
-0.01857
5
3
0.432824
4
-0.008892
5
0.432824
6
-0.08923
7
-0.017222
0
1
8
8
9
10
11
12
13
14
15
1
8
1
5
1
1
0
1
0
-0.0209306,0.0464753,0.133044,0.0695855,0.0868568,-0.00807833,-0.166922,0.0511004,
0.253003
-0.0583212,-0.0590938,-0.179557,-0.0672667,0.0373872,-0.00672464,-0.0377486,0.101548,
-0.0358923
0.0174146,0.0449366,0.0295255,-0.0296133,0.0645449,0.0644801,0.0181192,-0.0338711,
-0.604912
-0.00876559,0.148797,0.017005,0.0782887,0.0719907,0.0727358,-0.258879,0.0879689,
0.170059
0.0343929,0.00781576,-0.345341,-0.0911421,0.0789727,0.172093,-0.0334772,0.282652,
0.350135
0.0757648,-0.0817011,-1.21901,0.00623922,0.0828029,
-0.0650572
334
357
601
2
1
2
601
0
1.07695
1.08679
16
1
2
261
0
1
2
75
4
2
2
357
0
3998
8
2
2
65
0
3827
7
2
2
357
0
225
5
2
2
65
0
4000
0
1
2
235
7
2
2
357
0
2728
1
1
2
261
3
2
2
357
0
3999
2
2
2
357
0
2538
0
2
2
357
0
2719
2
2
2
357
0
2728
5
2
2
357
0
2719
4
1
2
234
3
1
2
91
3
2
0
0.055444
1
-0.051854
2
0
0.048829
1
-0.046905
1
7
2
3
4
5
6
7
8
1
7
1
5
1
1
0
1
0
-0.11073,-0.0405198,-0.048165,0.022661,-0.202683,-0.0104948,-0.0461798,
0.0993754
-0.186943,-0.119746,0.0503748,0.167383,0.0347562,-0.172633,-0.0113014,
-0.254617
-0.43072,-0.304602,0.114867,0.334314,-0.265032,-0.0152724,0.0284328,
-0.0148154
0.0390775,-0.115019,0.170342,0.0987929,-0.15704,-0.262866,-0.0751624,
0.0912251
-0.130244,0.403955,-0.0656395,0.0225948,0.175453,0.0124498,-0.000994702,
0.224841
-0.251448,-0.47115,0.206705,0.0839414,0.117074,
-0.0426463
1
7
9
10
11
12
13
14
15
1
7
1
5
1
1
0
1
0
0.0305499,0.0979359,-0.081995,0.305589,0.010929,-0.116833,0.10873,
-0.34326
-0.0696893,-0.0610916,0.13244,0.12041,-0.0422381,-0.0522835,-0.00360679,
-0.105764
-0.0273143,-0.0550535,-0.146183,-0.389568,-0.0604255,-0.0976864,0.00142867,
-0.0998176
-0.00567886,0.0920913,0.158635,-0.00100471,-0.00704811,0.0321675,-0.133853,
0.165687
-0.0498549,0.0534089,-0.22174,-0.0329002,-0.0994746,-0.244538,0.0477439,
-0.165179
-0.235205,-0.0901628,-0.209093,0.0781524,0.190199,
-0.010149
334
490
602
2
1
2
602
0
1.06725
1.07109
15
1
2
68
8
2
2
357
0
2447
1
1
2
154
2
1
2
228
3
1
2
235
5
2
2
334
0
2203
2
2
2
334
0
216
2
2
2
357
0
3997
0
1
2
70
1
1
2
75
1
1
2
74
2
2
2
89
0
2447
7
2
2
334
0
225
3
2
2
334
0
4001
4
2
2
334
0
24
7
1
0
0.020807
0
1
7
1
2
3
4
5
6
7
1
7
1
5
1
1
0
1
0
0.223318,-0.119092,0.0253856,0.0452602,0.149195,-0.0501705,0.0846784,
0.105405
-0.0314713,0.0460946,-0.0650122,0.0731192,0.120104,0.0285712,-0.353032,
0.233061
-0.0454053,0.0974262,-0.203018,0.153345,-0.166714,-0.046776,-0.0929983,
-0.0349728
-0.0963869,0.145307,-0.103613,0.0856032,-0.23006,-0.0585385,-0.0127835,
0.387151
-0.0400892,-0.0152525,0.0336293,0.0315741,-0.0551848,0.0436605,-0.16977,
-0.667879
0.0734867,0.0758377,-0.105846,0.0972828,-0.438416,
-0.0747764
1
7
8
9
10
11
12
13
14
1
7
1
5
1
1
0
1
0
0.0449082,0.0712084,0.0361716,-0.0100203,0.0350845,0.00208174,-0.00542766,
0.0675592
0.0796849,-0.00678061,0.00012598,0.0372054,-0.0457301,0.0426942,-0.018656,
-0.425013
0.115266,-0.190485,0.161311,-0.116329,0.335159,0.214437,0.229474,
0.242136
0.214146,0.283224,0.160436,-0.108524,0.244578,0.0424255,0.111316,
0.366565
0.0037897,-0.126979,-0.160378,0.0822285,0.407248,0.205138,0.00289284,
0.280848
0.0100952,-0.908622,0.0221419,0.0398669,0.0309536,
-0.0426666
597
595
603
2
1
2
603
0
1.05818
1.06386
5
2
2
89
0
4001
8
1
2
91
4
1
2
595
4
2
2
89
0
3997
8
2
2
89
0
3826
5
5
0
0.02673
1
-0.01903
2
-0.007862
3
-0.029445
4
0.005702
0
0
0
597
598
628
2
1
2
628
0
1.07409
1.06196
9
1
2
95
2
1
2
0
4
1
2
95
1
1
2
95
8
1
2
0
0
1
2
95
7
1
2
95
4
1
2
0
2
1
2
95
5
5
0
0.011567
1
0.006429
2
-0.010486
3
0.00994
4
-0.004707
6
0
0.004228
1
0.009273
2
-0.00281
5
-0.003509
3
0.008747
4
-0.007757
0
1
4
6
7
8
1
1
4
1
5
1
1
0
1
0
0.00174785,0.172234,0.106001,0.00433085,
-0.221969
-0.163834,0.0322484,0.140744,0.183283,
0.12394
-0.146417,0.128663,0.110509,0.279994,
-0.133423
-0.203453,0.0281687,0.172237,0.243323,
0.0794314
0.319328,-0.0512565,0.120994,0.0630499,
-0.0126923
0.138397,-0.0737057,0.164885,-0.0813341,0.0491082,
0.0216661
229
75
740
0
6
741
741
0
-1
-1
779
0
0
780
780
0
1
969
781
0
1
782
782
0
6
597
783
2
1
2
783
0
1.12926
1.09928
3
1
2
99
1
1
2
68
6
1
2
75
2
0
0
1
3
0
1
2
1
3
1
5
1
1
0
1
0
0.114703,-0.109748,-0.0938449,
0.113817
0.000921681,0.177203,0.0713848,
0.174229
0.0783363,0.0903877,-0.0342351,
-0.0893177
-0.112811,-0.0939134,-0.306126,
-0.209314
0.248139,0.221295,-0.07532,
-0.218547
-0.181018,0.063975,-0.0450098,0.0813294,-0.116565,
0.0128885
0
979
892
792
1
0
793
793
0
6
794
794
0
1
603
818
0
1
819
819
1
0
740
859
1
0
781
891
0
3
781
892
2
1
2
892
0
1.15746
1.10787
10
1
2
95
2
1
2
95
8
1
2
0
5
1
2
0
0
1
2
0
1
1
2
0
3
1
2
75
0
1
2
75
4
1
2
75
8
1
2
0
6
6
0
0.007292
1
0.004019
2
-0.007233
3
-0.006579
4
-0.005177
5
0.009704
9
0
0.058269
1
0.004812
6
0.021893
7
-0.015768
8
-0.009985
2
0.017602
3
-0.071584
5
0.009774
9
-0.005762
0
0
1143
891
940
0
1
236
969
2
1
2
969
0
1.15737
1.11866
24
1
2
940
7
1
2
780
1
1
2
0
0
1
2
236
0
1
2
75
2
1
2
75
0
1
2
780
0
1
2
236
1
1
2
95
3
1
2
780
5
1
2
75
1
1
2
779
8
1
2
95
1
1
2
75
6
1
2
95
6
1
2
95
2
1
2
75
3
1
2
236
7
1
2
0
4
1
2
779
1
1
2
95
7
1
2
779
7
1
2
0
2
1
2
779
3
18
0
-0.017188
1
0.007209
2
0.02527
3
0.02527
4
-0.019684
5
0.014511
6
-0.323248
7
-0.026951
8
-0.005884
9
0.008434
10
0.007896
11
0.007896
12
-0.017358
13
0.00668
14
-0.006762
15
-0.038504
16
0.339304
17
0.021595
12
0
-0.016254
4
-0.023259
18
0.007743
7
-0.046229
8
-0.009981
19
0.012992
20
-0.012958
12
0.005358
13
0.013454
21
0.01255
22
0.011675
17
0.012355
0
1
1
23
1
1
1
5
1
1
0
1
0
-0.000470724,
-0.00583828
0.0593113,
0.0717763
0.106363,
0.1349
0.24508,
0.316088
-0.00126158,
-0.00928
-0.000361814,0.0130167,0.0241326,0.0562233,0,
-0.20305
781
818
976
2
1
2
976
0
1.20728
1.20724
19
1
2
940
6
1
2
940
1
1
2
70
5
1
2
70
7
1
2
0
7
1
2
70
2
1
2
67
5
1
2
236
5
1
2
236
0
1
2
67
0
1
2
70
0
1
2
74
6
1
2
90
7
1
2
74
5
1
2
940
8
1
2
70
3
1
2
90
8
1
2
940
4
1
2
74
3
8
0
-0.189172
1
-0.116549
2
0.0618
3
0.030768
4
-0.034173
5
0.115958
6
0.0618
7
0.0618
8
0
-0.247787
2
0.083012
8
-0.050114
6
0.083012
9
-0.050114
7
0.083012
10
-0.050114
11
0.127753
0
1
7
12
13
14
15
16
17
18
1
7
1
5
1
1
0
1
0
0.0146238,-0.108139,0.150782,0.0508536,0.0328846,0.154499,0.0946071,
-0.0707615
0.221576,0.25729,0.196173,0.00831918,0.225556,0.135013,-0.0439243,
-0.0264308
0.0154666,0.140418,-0.0789069,-0.122621,0.0134737,0.10187,-0.0107585,
-0.200177
0.0398268,-0.193449,0.248422,0.0973611,0.0476463,0.273601,0.160839,
-0.133398
0.208242,-0.269235,-0.066449,-0.142017,0.210836,0.152272,-0.0107382,
-0.257927
0.0317992,0.114312,-0.214474,0.0653068,-0.214362,
-0.0487231
89
490
979
1
0
346
1143
2
1
2
1143
0
1.18136
1.11596
18
1
2
95
8
1
2
0
7
1
2
99
3
2
2
89
0
11481
0
1
2
628
1
1
2
95
3
1
2
628
4
1
2
75
1
1
2
236
4
1
2
75
6
1
2
940
5
1
2
75
2
1
2
138
2
2
2
89
0
7264
4
2
2
89
0
7264
3
2
2
89
0
8772
4
2
2
89
0
7264
8
2
2
89
0
7266
7
3
0
0.009982
1
-0.009213
2
-0.036987
3
0
0.010018
1
-0.011382
3
-0.166817
0
2
8
4
5
6
7
8
9
10
11
6
12
13
14
15
16
17
2
8
6
2
5
5
1
1
0
1
1
1
2
0
1
-0.0334404,0.0334515,-0.0309887,0.23459,-0.0805694,0.121842,-0.241487,-0.00066728,
0.0730625
0.0198448,-0.0184984,0.0111659,-0.0301854,-0.00123853,0.204648,0.214457,-0.158765,
0.0732743
-0.201046,0.0378851,-0.210135,0.0236191,0.0584529,-0.176185,-0.114059,-0.123195,
-0.104726
-0.683428,-0.0468007,-0.693926,0.0211815,-0.0532051,0.157829,0.0671726,-0.685922,
-0.0422267
-0.137561,0.0127737,-0.152154,-0.0496397,-0.00170752,0.223383,0.0472625,-0.230435,
-0.231824
-0.042907,0.520669,0.192301,-0.160809,0.189042,0.195861,
-0.336581
-0.223395,0.873886,-0.277506,0.110504,0.0816798,0.0872472,
-0.260204
0.14421,0.0582736,0.10738,0.0655692,-0.0890301,-0.0781797,
-0.135416
0.590354,0.197486,-0.0983309,0.066464,0.156415,0.161688,
-0.00667444
-0.0489286,-0.733947,-0.180177,0.0986749,0.012858,0.00737587,
0.170528
0.0995208,0.119789,-0.100386,-0.177342,0.0647184,
-0.217745,0.208562,0.0602879,0.169241,-0.0729457,
0.243613
779
782
615
67
0
0
-1
160
153
0
0
156
154
0
3
590
155
0
-1
322
156
0
0
157
157
1
2
177
158
1
2
317
159
0
0
154
160
2
1
3
160
1
0
0
0
0
0
0
0
155
153
175
1
2
176
176
0
2
158
177
2
1
3
177
1
0
0
0
0
0
0
0
158
175
283
1
0
284
284
0
3
159
295
0
4
296
296
0
2
155
302
0
0
303
303
0
0
304
304
0
-1
434
311
0
1
312
312
1
0
313
313
1
2
314
314
0
3
315
315
0
-1
394
317
2
1
3
317
1
0
0
0
0
0
0
0
159
283
318
2
1
3
318
0
1.07041
1.02318
7
2
3
157
2
68
0
2
3
283
0
3826
3
2
3
158
2
228
6
2
3
283
0
2719
3
2
3
283
0
2041
1
3
3
158
2
89
0
4000
7
2
3
283
0
3999
8
4
0
0.022196
1
-0.008532
2
-0.003921
3
-0.008565
6
4
0.025098
5
0.010112
0
0.032429
1
-0.007675
2
-0.004888
6
0.01075
0
0
155
295
319
2
1
3
319
0
1.07372
1.0665
6
2
3
175
2
228
5
2
3
283
0
2538
7
3
3
175
2
357
0
3999
4
2
3
283
0
3827
8
2
3
283
0
2719
7
2
3
283
0
2719
8
1
0
0.006869
6
1
0.008221
0
0.004977
2
-0.008388
3
-0.011289
4
-0.007805
5
0.006842
0
0
304
302
320
2
1
3
320
0
1.06579
1.06728
1
2
3
283
0
4001
7
0
1
0
0.005004
0
0
315
311
322
0
6
323
323
0
6
319
394
0
2
395
395
0
-1
572
402
0
0
403
403
0
6
404
404
0
-1
433
416
0
3
417
417
1
0
426
418
0
-1
427
426
0
1
418
427
0
6
428
428
1
0
429
429
0
6
430
430
0
6
573
431
0
-1
574
432
2
1
3
432
0
1.09296
1.09534
11
2
3
157
2
602
7
3
3
313
2
65
0
3999
8
3
3
313
2
65
0
3827
4
2
3
158
2
596
3
2
3
312
0
1171
7
2
3
175
2
595
1
2
3
158
2
0
5
2
3
158
2
68
3
3
3
157
2
334
0
3826
0
3
3
175
2
334
0
3999
3
2
3
283
0
2728
2
1
0
-0.013566
2
1
0.168391
2
-0.16129
0
1
8
3
4
5
6
7
8
9
10
1
8
1
5
1
1
0
1
0
0.0364542,-0.153187,0.0157323,-0.0282786,0.365158,0.0117567,0.0300042,-0.299899,
-0.310883
0.00489035,0.0436388,-0.0249479,0.0185051,-0.245334,0.0790955,-0.0214833,0.0219433,
-0.0745612
-0.0306265,0.0560864,-0.14998,-0.0524886,0.0243162,0.0495141,0.000222666,0.0353526,
-0.0099053
0.162653,-0.134351,-0.0651365,0.0513966,0.318853,0.111962,0.0636963,-0.133914,
0.116742
0.00624326,-0.00996625,-0.00653304,0.155778,-0.0664505,0.0228263,0.118339,-0.00115924,
-0.154465
-0.113766,-0.0527848,-0.0349491,0.0928863,-0.152723,
0.0451775
404
402
433
2
1
3
433
0
1.10643
1.11017
1
2
3
283
0
3998
4
1
0
-0.003283
0
0
0
418
416
434
0
3
311
458
0
3
459
459
0
6
433
543
0
0
544
544
0
0
431
570
0
1
611
571
0
-1
589
572
2
1
3
572
0
1.10328
1.10222
2
1
3
395
5
2
3
157
2
603
4
1
0
-0.00329
1
1
-0.01887
0
0
432
458
573
2
1
3
573
0
1.10263
1.10098
4
3
3
157
2
334
0
2041
0
1
3
176
4
3
3
158
2
89
0
4309
7
3
3
313
2
334
0
4288
8
1
0
-0.027748
1
0
-0.027127
1
3
1
2
3
1
3
1
5
1
1
0
1
0
-0.0437146,0.230594,-0.1642,
-0.0525946
-0.0729625,0.0958242,-0.200588,
-0.268987
-0.00656491,-0.0336031,-0.17424,
-0.000444596
0.0436362,-0.0445344,-0.0630399,
-0.135389
0.0835131,0.154178,-0.146287,
-0.409774
-0.146102,0.0793686,-0.0983366,0.0421732,0.163693,
0.013334
0
431
543
574
2
1
3
574
1
0
0
0
0
0
0
0
571
570
587
1
2
588
588
0
-1
-1
589
2
1
3
589
0
1.10718
1.10829
6
2
3
157
2
68
8
1
3
315
8
3
3
157
2
334
0
218
3
2
3
283
0
4000
5
1
3
404
5
3
3
157
2
598
0
4286
7
1
0
0.015076
1
0
0.016494
0
1
5
1
2
3
4
5
1
5
1
5
1
1
0
1
0
-0.0212754,-0.45427,0.0728224,0.0852174,-0.00716729,
-0.0975845
-0.0873593,0.0414991,-0.0251139,0.0100064,-0.0427546,
-0.143765
0.0655741,0.0360246,0.0216804,0.103698,0.0136283,
-0.079475
0.182519,0.301127,0.101394,0.17494,0.11504,
-0.13112
-0.0433012,0.194375,-0.0575078,0.0944203,0.148187,
-0.0433894
0.154181,-0.0670723,-0.458658,0.205608,0.0646885,
0.00120607
588
587
590
0
2
591
591
0
0
614
592
0
3
323
597
0
6
432
611
1
2
612
612
0
6
613
613
0
3
589
614
2
1
3
614
0
1.13549
1.12185
3
2
3
283
0
5373
7
2
3
283
0
5511
1
1
3
590
3
2
0
-0.002366
1
0.011376
2
2
-0.019978
1
0.017935
0
0
592
597
1514
85
0
0
-1
48
45
1
2
46
46
1
2
590
47
0
-1
49
48
2
1
4
48
1
0
0
0
0
0
0
0
47
45
49
0
6
576
50
0
0
51
51
1
2
52
52
1
0
575
53
0
-1
153
83
0
6
84
84
0
4
52
114
0
3
115
115
0
6
150
116
0
-1
347
150
0
6
151
151
0
3
116
152
2
1
4
152
0
1.11121
0.985095
4
3
4
45
2
598
0
5346
2
3
4
45
2
598
0
5348
5
2
4
45
2
603
0
2
4
46
2
597
0
0
3
0
0.013067
1
-0.009273
2
-0.061121
0
1
1
3
1
1
1
5
1
1
0
1
0
0.156182,
-0.344848
-0.225253,
0.236429
-0.0303715,
-0.159969
0.110399,
-0.270952
0.154628,
-0.217294
-0.405324,-0.245282,-0.234682,-0.248151,-0.218021,
0.112582
50
83
153
2
1
4
153
0
1.10511
1.11316
3
3
4
51
2
89
0
5509
2
2
4
52
0
5347
8
3
4
51
2
89
0
5510
1
3
0
-1.14356
1
-0.009186
2
1.14715
2
0
-1.0836
2
1.08024
0
0
116
114
174
0
2
232
175
0
3
153
176
0
1
177
177
0
3
116
227
1
2
257
228
0
3
229
229
0
-1
293
232
2
1
4
232
0
1.11141
1.1088
6
2
4
52
0
5511
5
2
4
52
0
5346
0
2
4
52
0
5311
6
2
4
51
2
783
6
2
4
51
2
603
8
2
4
45
2
68
2
2
0
0.011594
1
-0.007209
6
0
-0.007303
2
-0.004649
3
0.028231
4
-0.024951
5
0.020301
1
0.008999
0
0
175
176
240
0
2
241
241
1
2
242
242
0
0
47
250
0
6
227
257
0
3
229
290
0
6
291
291
0
1
292
292
0
0
317
293
0
0
349
294
0
-1
418
317
0
0
318
318
1
2
293
330
0
3
333
331
0
3
332
332
0
6
333
333
0
0
334
334
0
0
335
335
0
1
294
346
2
1
4
346
0
1.10941
1.08739
10
3
4
45
2
65
0
5507
5
3
4
45
2
598
0
5510
4
3
4
45
2
598
0
5348
2
3
4
45
2
65
0
5348
0
2
4
45
2
0
2
2
4
45
2
68
3
2
4
45
2
75
7
2
4
45
2
68
0
2
4
45
2
597
3
2
4
46
2
597
7
4
0
-0.131966
1
-0.036733
2
0.039761
3
0.135679
2
9
-0.005789
1
-0.025301
1
5
4
5
6
7
8
1
5
1
5
1
1
0
1
0
-0.013469,0.1828,0.428362,0.170441,-0.170548,
0.281456
-0.0593409,-0.0139175,0.340289,-0.00388083,-0.154525,
-0.123443
0.129438,0.00499686,0.0912286,-0.00638579,-0.114632,
-0.191013
0.239917,0.00788547,-0.0573632,-0.00479356,-0.0629433,
0.182238
-0.0358822,-0.316291,0.0589928,-0.307787,0.0493891,
0.00901987
0.153897,-0.149787,-0.140432,0.0668278,0.0883498,
-0.0630915
0
47
240
347
2
1
4
347
0
1.11255
1.11337
6
3
4
46
2
89
0
5509
3
3
4
46
2
334
0
5447
7
3
4
46
2
334
0
5373
8
3
4
46
2
89
0
5511
2
2
4
52
0
3999
5
2
4
45
2
244
0
4
0
0.610332
1
0.021463
2
-0.026015
3
-0.601437
6
0
0.062066
1
0.133038
2
-0.132722
3
-0.048419
4
-0.005573
5
0.020493
0
0
227
250
348
2
1
4
348
1
0
0
0
0
0
0
0
294
290
349
2
1
4
349
1
0
0
0
0
0
0
0
294
330
350
0
3
351
351
0
3
52
380
0
6
419
381
0
-1
414
382
0
0
420
394
0
5
381
414
1
0
415
415
1
2
416
416
0
2
1468
417
0
-1
1456
418
2
1
4
418
0
1.12852
1.12711
5
2
4
52
0
5348
7
1
4
116
6
2
4
318
2
793
5
2
4
52
0
5346
8
3
4
318
2
792
0
5346
0
5
0
0.006628
1
-0.007913
2
-0.197684
3
-0.008246
4
0.216423
1
1
-0.003024
0
0
381
1467
419
2
1
4
419
1
0
0
0
0
0
0
0
381
382
420
2
1
4
420
0
1.14246
1.02753
10
2
4
227
2
228
7
2
4
52
0
4000
6
3
4
227
2
89
0
5346
7
3
4
318
2
598
0
5511
6
3
4
318
2
598
0
5509
5
1
4
350
2
3
4
46
2
89
0
5502
5
1
4
333
7
1
4
294
2
3
4
227
2
334
0
2728
8
1
0
-0.00346
6
7
0.009056
8
0.04087
0
-0.009197
9
0.034114
3
-0.08332
4
0.080327
1
6
1
2
3
4
5
6
1
6
1
5
1
1
0
1
0
0.0699282,0.147384,0.529872,-0.527519,-0.203681,0.0515413,
0.0564738
-0.00215104,0.104262,-0.21835,0.214806,-0.26333,-0.263582,
-0.147953
0.150133,0.135854,-0.0929207,0.123393,-0.0468971,0.165299,
-0.0550836
0.136195,0.0924845,0.155423,-0.1397,-0.367939,-0.153404,
-0.212507
-0.111869,0.197191,0.175859,-0.113216,-0.102744,-0.105679,
0.211856
-0.357384,-0.261918,0.155,0.305625,0.19004,
-0.011637
0
381
394
424
0
3
350
575
0
3
587
576
2
1
4
576
1
0
0
0
0
0
0
0
350
424
584
0
0
346
587
1
2
588
588
0
3
780
590
2
1
4
590
0
1.15881
1.15553
13
3
4
46
2
598
0
5691
4
3
4
46
2
819
0
5347
3
2
4
46
2
818
0
3
4
46
2
598
0
5348
2
1
4
0
0
1
4
0
3
1
4
0
6
1
4
0
1
1
4
0
2
1
4
0
5
1
4
0
4
1
4
0
8
1
4
0
7
3
0
-0.027042
1
-0.005569
2
0.016009
2
0
-0.048217
3
0.042528
0
1
9
4
5
6
7
8
9
10
11
12
1
9
1
5
1
1
0
1
0
0.00999004,-0.0253241,-0.0191506,-0.0579159,-0.00170946,0.0267837,0.0680712,0.039775,0.0593297,
-0.35459
-0.0624357,0.0650871,-0.0577514,-0.159277,-0.0427963,-0.153602,0.0920838,-0.140742,0.234551,
-0.205675
0.013105,0.0910704,0.0202069,0.124198,-0.00475258,-0.0378776,0.0943582,0.114155,0.0915091,
-1.06182
0.0239828,-0.0350739,-0.0514283,-0.0318204,0.084806,-0.124943,0.012251,-0.13675,0.145998,
-0.220905
-0.0877336,-0.0013455,-0.0562412,-0.10622,-0.0692914,0.0440637,0.0623399,-0.122156,0.113877,
-0.356682
-0.266396,0.191961,-1.0805,-0.172859,-0.19512,
0.0221175
346
584
779
0
3
318
780
2
1
4
780
0
1.18405
1.17536
5
2
4
587
2
783
5
1
4
346
6
2
4
587
2
244
3
2
4
587
2
68
4
2
4
587
2
602
2
2
0
-0.062063
1
-0.0338
5
2
-0.033528
0
-0.101573
3
-0.032206
1
-0.053045
4
-0.129935
0
0
257
779
1433
1
2
414
1449
0
3
1450
1450
0
0
1477
1451
0
3
417
1456
0
2
1457
1457
1
2
1458
1458
0
-1
1501
1467
2
1
4
1467
0
1.21977
1.21558
5
2
4
52
0
5312
4
2
4
52
0
5691
0
2
4
52
0
7263
5
2
4
52
0
0
0
1
4
350
8
3
0
-0.028776
1
-0.119265
2
0.12465
4
1
-0.14084
2
0.144166
3
0.02181
4
-0.01539
0
0
380
1433
1468
2
1
4
1468
0
1.19468
1.19931
2
3
4
587
2
819
0
0
0
2
4
587
2
597
4
2
0
-0.025015
1
0.027782
2
0
0.07275
1
-0.068598
0
0
417
1449
1477
0
2
1478
1478
0
1
1456
1501
0
2
1502
1502
0
2
1503
1503
0
-1
-1
48
14
0
0
-1
11
6
0
0
12
7
0
-1
29
8
0
0
9
9
1
4
10
10
0
2
7
11
2
1
5
11
1
0
0
0
0
0
0
0
7
6
12
2
1
5
12
1
0
0
0
0
0
0
0
7
8
29
1
4
30
30
0
-1
31
31
0
1
32
32
1
0
33
33
0
2
34
34
0
-1
-1
6
5
7033
