264
3.73655
157
3.7789
263
1
0
8
-1
9
1228
69
0
0
-1
0
758
232
0
5
1
233
233
0
1
2
234
234
0
5
3
235
235
0
5
2
236
236
0
0
2
908
238
0
6
6
1187
240
0
-1
0
954
241
2
2
25
9
0.123134,0.0285799,-0.0623491,-0.0467651,0.12665,0.116644,-0.0816565,-0.0791228,-0.00266637,0.234251,-0.14115,0.0918569,-0.0163572,0.0751256,-0.0271325,0.0845076,-0.300574,0.190044,-0.462061,-0.0241546,-0.160606,0.0636047,-0.0916563,-0.243413,0.0130041,
-0.0204034
0.0733926,0.00421145,-0.118098,0.268049,0.101473,-0.0246959,0.00257306,-0.117106,-0.0663549,-0.00311633,-0.0255772,0.109273,-0.0369237,0.141755,-0.137057,-0.149363,-0.31564,0.228253,-0.564484,0.116789,0.26463,-0.268055,-0.301216,-0.489878,0.165383,
-0.0308951
0.0161407,0.00955608,0.00719755,-0.120372,0.0139603,0.0144778,-0.0461111,-0.0597713,-0.048613,0.0871574,0.00322078,-0.0794473,-0.0567685,-0.127187,0.0329711,-0.017597,0.00704225,-0.286523,0.343769,0.0548851,0.0287807,0.0852736,-0.102069,0.0367095,-0.124451,
-0.0539477
-0.0812752,0.0142641,-0.217177,-0.0203257,-0.158637,0.0077307,0.0687514,-0.0036025,-0.0183325,0.0335851,0.0959487,0.0280082,0.010106,-0.0487394,0.177205,0.102557,0.0821109,-0.227819,0.534375,0.101536,-0.106525,0.0545023,0.0786642,0.0850798,-0.0219722,
0.00396417
0.00715555,-0.00540937,-0.0101863,-0.0240917,0.146307,-0.0901458,0.0152906,-0.103087,-0.00639484,-0.255187,0.0959049,-0.0570754,-0.0638611,-0.209002,0.0134389,-0.0410308,-0.121233,-0.0757568,-0.00805969,-0.102473,0.0821424,0.285637,0.123075,-0.31944,0.111561,
-0.0616045
-0.0125052,-0.0699282,-0.0220413,0.0983943,-0.000521215,0.00219988,-0.164713,0.0402728,0.138938,-0.0736926,0.0371271,-0.0421435,0.0659737,-0.000470226,-0.155196,-0.0162465,0.0480498,-0.188253,0.0517237,0.277923,-0.0181969,-0.027768,-0.434494,0.400038,0.587841,
0.0707541
-0.0842745,0.00894642,0.0121968,-0.0397547,-0.127415,0.0996187,-0.100328,-0.0896543,-0.0737487,0.138151,-0.0139859,0.00264225,-0.0345253,-0.0084286,0.0953044,-0.0348209,-0.270711,0.081014,-0.457819,0.327432,-0.0129902,-0.00386347,-0.154662,-0.0909506,0.0899707,
-0.0420999
-0.0900701,0.0248608,0.0685297,-0.0897118,0.0114406,0.165913,0.062688,-0.00747732,-0.0585856,0.0409822,-0.0723466,-0.00694582,-0.00684683,-0.0809902,-0.00299328,-0.0533993,-0.0630447,-0.0654578,0.250315,0.0127801,-0.0785042,0.359259,0.115687,-0.24186,0.119238,
-0.0163087
-0.112271,-0.101472,0.0971187,-0.0769235,-0.143986,-0.0128412,0.0383745,-0.0559214,-0.0539244,-0.0528497,0.0366876,0.0500934,-0.035585,-0.0249939,0.256515,-0.0295853,0.00809517,-0.0434515,0.115052,0.00583765,0.0941205,-0.0856426,-0.0331188,0.17156,0.0587328,
-0.0261972
0.0215023,-0.00772562,0.00936923,0.0282589,0.0239298,-0.00512222,-0.0250842,-0.044468,0.0757316,-0.0267979,-0.00968497,-0.0846964,-0.0380248,-0.400037,-0.0114956,-0.00718757,0.0603895,-0.215282,0.575715,0.0375517,0.0107727,-0.0334375,-0.0587884,0.0470561,0.0701159,
-0.119082,-0.0884933,0.112903,0.122672,0.0969813,-0.15104,-0.138323,0.099991,0.0838488,
-0.038716
1040
232
396
0
6
1
397
397
0
4
6
398
398
0
5
1
399
399
0
3
1
400
400
0
2
1
401
401
0
0
1
402
402
0
6
1
403
403
0
3
1
404
404
0
6
3
234
405
2
2
25
9
0.00529625,0.0143428,0.0492272,-0.00479921,-0.0634811,0.0152711,-0.0153488,0.000433802,-0.049555,0.102847,-0.00116521,-0.0303678,-0.00108132,-0.00618524,0.0560059,-0.0318882,-0.00725476,-0.00274142,-0.0239052,0.0129302,-0.0541187,0.0305455,0.00208749,0.00698418,0.10333,
-0.00718479
0.0910851,-0.0149469,0.0415507,0.621128,0.382207,-0.0062303,0.259095,0.0241778,0.241123,0.180808,0.0242563,0.0313462,0.0620428,0.087871,-0.0803338,0.0741893,0.00645609,0.0439152,0.0720089,-0.0252766,0.0289821,-0.135155,-0.0865968,0.0472343,0.0375724,
0.0627549
0.0225244,-0.123988,0.144654,0.212638,0.0185278,0.0223557,-0.107853,0.0549953,0.209872,0.0894694,0.0236575,0.024234,0.0324549,0.020904,0.0336243,0.00916823,0.0557278,0.156944,0.0611295,0.241818,-0.0663403,0.00747557,0.061285,-0.250833,0.00816848,
0.0348961
-0.0832233,0.0471569,0.0769669,-0.0152953,-0.0902515,-0.00245656,0.103037,-0.0918949,0.330132,0.0722226,-0.00770933,0.00331169,-0.00253127,-0.072424,-0.145418,-0.00227859,-0.00809473,-0.0270053,-0.0441513,0.162646,-0.0224458,0.177049,0.102716,0.174999,0.159557,
-0.010047
-0.0519556,-0.0206082,0.0920952,0.143188,0.0303124,-0.129032,-0.0272449,0.0653621,0.0178361,0.131622,-0.132283,0.0150009,-0.00734871,-0.000185716,0.0522033,0.142701,-0.0172053,0.0164339,-0.0171531,-0.00566997,-0.0321523,-0.113745,0.0464012,0.0185145,0.00186029,
-0.00461372
-0.0411697,-0.0510781,-0.30941,-0.203927,0.348048,-0.00832287,-0.324406,0.0838644,-0.679315,0.47005,0.0213844,-0.0660768,-0.039225,-0.0785169,0.204224,-0.0264215,-0.00550279,-0.130625,0.00456522,-0.0332648,0.0636372,-0.0310391,-0.0653459,0.0262385,0.0535125,
-0.0298179
0.0515945,-0.0048139,-0.0822536,0.112692,-0.25475,-0.0338658,-0.216525,0.213856,-0.712554,-0.0127235,0.0356831,0.0352823,-0.00735132,0.250599,0.0548887,0.090996,-0.0432518,-0.0251193,0.0178427,0.025192,0.0653037,-0.11923,-0.0632463,0.0663229,0.265187,
-0.00349457
0.0516611,-0.0424821,-0.119771,0.352638,-0.293016,-0.00440786,-0.0212203,-0.28545,0.658362,0.157001,0.0807312,-0.04656,-0.0410879,-0.337863,-0.00547763,0.0707148,0.0990135,-0.0270705,0.035964,0.0153234,0.0460285,-0.109309,-0.0112742,0.0397004,0.179614,
-0.0341187
-0.0372215,-0.0968066,0.0532342,0.108477,0.14087,-0.0471041,-0.0220192,-0.0312513,-0.0230245,-0.056818,-0.0289813,-0.0252014,-0.0415233,-0.0436037,-0.0578784,0.0683207,-0.0450069,-0.0425024,-0.0579706,-0.0142011,-0.0143408,-0.0328423,0.0535366,-0.00719962,-0.0289189,
-0.0408406
0.0183608,-0.00409881,-0.00880441,0.0224771,0.0827626,0.00640644,0.119786,-0.284678,0.513567,0.0111636,0.0134294,-0.0984981,-0.0658381,-0.334921,0.0224651,-0.0117279,0.00999802,-0.00525242,0.0200202,-0.0577563,0.0128706,-0.0192352,-0.0150559,0.0196345,0.00359428,
-0.0594579,-0.11985,0.106917,0.117412,0.0862738,-0.163985,-0.199488,0.135054,0.0150002,
-0.0669077
1102
396
601
3
0
602
602
0
5
2
603
603
0
3
1
241
604
2
1
9
4
0.255675,-0.620142,-0.75982,-0.0399512,0.422973,0.708469,-0.0589717,0.122177,0.148234,
0.414447
-0.0106581,-0.0132429,-0.0237395,-0.0152177,-0.00926137,0.0249018,-0.00581653,-8.38873e-05,0.00763454,
-0.00526264
-0.0231566,-0.0168209,-0.0191749,-0.022619,0.00156767,-0.041705,-0.0344516,-0.0311534,-0.0301982,
-0.00814973
0.00905848,-0.245182,0.142378,0.0625054,-0.370409,0.926286,-0.0476169,0.406023,-0.489648,
-0.377356
-0.0432506,0.0769445,0.00322387,0.0294929,-0.207561,0.311624,-0.00932646,0.0937315,-0.165551,
0.157921,0.000242557,-0.00290504,-0.30102,
-0.20831
681
601
679
0
4
1
680
680
3
604
235
681
2
2
25
9
-0.0824713,0.0654085,0.151433,-0.357199,0.305323,0.0218183,-0.03973,0.0377843,-0.0196904,-0.131159,-0.077516,-0.000335624,0.0255343,0.0937512,0.00232817,0.0148495,0.0106357,0.0104476,0.0233582,0.0710178,0.100083,-0.0187354,-0.168644,0.251918,-0.17036,
0.0350556
0.0498307,-0.0607295,0.0135173,-0.026684,-0.0789534,-0.0482984,0.0398491,0.0482909,-0.0251183,-0.112277,-0.0133231,0.0362423,0.00801505,0.0218782,-0.00339337,0.00898867,0.0292694,-0.0363119,0.0232645,0.0546031,-0.0881368,0.0843637,0.166868,0.0777458,0.135902,
-0.000204384
-0.0313203,-0.0813226,0.0800254,0.170372,-0.177666,0.0567502,0.0916013,-0.0228503,0.436051,0.0718897,-0.0738864,0.0821177,0.104325,0.217836,0.149434,-0.0243557,0.0386529,-0.0745796,0.45947,0.495428,0.0302309,0.0201306,-0.010663,0.140351,-0.0859517,
0.108721
-0.0613183,0.109235,-0.138204,0.0199886,-0.156412,0.211958,-0.0463739,-0.0521849,-0.318235,-0.0521717,-0.118617,-0.158127,-0.0750947,-0.397883,-0.0217325,0.0620437,-0.163231,-0.0993617,-0.50983,-0.320009,0.107695,0.163649,0.11785,-0.0621186,0.0662022,
-0.07828
-0.0835444,0.0133256,0.0586729,0.0776431,0.167529,-0.106881,-0.0617235,-0.0645039,-0.0146859,-0.0436316,0.0595248,-0.019556,-0.0495857,0.0310061,0.0285061,-0.0482062,-0.0206212,-0.0466166,-0.0050986,-0.157711,0.00013952,0.0172395,0.111908,0.00419845,0.0222023,
-0.0469128
-0.0266525,0.0415825,-0.298142,0.172921,0.190418,-0.0914529,-0.154713,-0.0218812,-0.440522,-0.384281,0.131972,-0.108895,-0.0144017,-0.506058,-0.0635623,-0.0511141,-0.0781878,0.0751408,-0.635866,-0.456535,-0.0417804,0.0641989,-0.00670755,0.0250986,0.148324,
-0.0219916
0.0876602,0.0200176,-0.0319663,-0.0585746,0.203998,0.00498792,-0.0153031,-0.00782086,0.0751796,0.055456,0.105764,-0.0182389,-0.0166023,0.0687383,0.0432377,0.00766648,-0.000671132,-0.00507632,0.000294558,-0.194447,-0.114599,-0.0163527,0.152393,-0.103627,0.0528789,
-0.0174257
-0.015473,0.256315,-0.0200317,0.12938,-0.0802519,-0.0665802,0.00957944,-0.036964,-0.147893,-0.291509,0.0297266,0.0640316,-0.00825272,0.0144018,0.0552652,-0.0155438,0.0370261,-0.000941526,0.0318539,0.363791,-0.0109065,-0.0210374,0.0347121,0.0936123,0.0204899,
-0.00697233
0.00531387,0.0468311,-0.0717937,0.0376056,0.115942,0.0360737,0.0613923,0.0675754,-0.0788152,-0.138153,-0.0343945,0.0209591,0.000895872,0.00626991,-0.0186234,0.0699396,0.0282165,-0.00989635,-0.00701491,0.238436,0.0565565,0.0684241,-0.0338576,0.167051,0.0800783,
0.0093267
-0.0105778,-0.0183351,0.0239899,0.000696822,-0.0112811,0.022404,0.0258572,-0.0470348,0.0909852,0.0319193,-0.0173981,0.0194822,-0.0705295,0.191034,0.0175679,-0.000245197,-0.00396414,-0.0755615,0.105861,0.044313,0.0127191,-0.00805188,-0.0101233,0.0165875,-0.0179809,
-0.0859927,0.0450849,-0.160822,-0.16006,0.0541499,-0.118078,0.0557649,0.0515157,0.0590504,
-0.0771996
738
679
737
0
2
1
405
738
2
1
9
4
-0.00731793,-0.00840203,0.00807283,-0.00433816,-0.000400139,-0.00795688,0.00195399,-0.00722947,-0.00195552,
0.00858518
0.00345367,-0.007713,-0.0128951,-0.011655,0.00154006,-0.00148255,0.0014954,-0.0042373,0.0114216,
0.00095349
0.00493346,0.45766,-0.451118,-0.182202,-0.0919492,-0.81787,0.31839,-0.283866,0.885925,
-0.0924869
-0.0090038,0.00263406,-0.00134719,0.00633271,-0.00702888,-0.00864127,-0.00287209,-0.00859264,0.00628629,
-4.75993e-05
-0.0620977,0.167488,-0.128349,0.0568777,-0.107677,0.129596,-0.0554875,0.111617,0.0130763,
-0.00754601,-0.000894302,-0.16081,5.221e-05,
-0.111586
405
737
754
0
4
4
755
755
0
0
2
1116
756
3
0
757
757
0
5
1
738
758
2
1
9
4
-0.0154735,-0.0110043,-0.00728013,-0.00648289,-0.0102695,-0.0093123,-0.0121527,-0.0061396,-0.0102495,
-0.0075919
-0.0848448,0.420247,-0.137598,0.0499928,-0.946295,0.614482,-0.202487,-0.0611815,0.331949,
-0.942147
-0.0278136,-0.0320818,-0.0360929,0.00711636,-0.00815651,0.0172449,-0.00220212,-0.0217718,0.00350798,
-0.00764039
0.0056615,-0.00960087,-0.00521119,-0.00215316,-0.00887594,-0.00188283,-0.00800518,-0.00892403,-0.00701837,
-0.00100199
-0.00462631,0.0160117,0.024472,-0.0224879,0.033008,-0.066478,-0.00561135,0.0609517,-0.0568554,
-0.00531335,0.199415,-0.00575514,-0.00177672,
0.0389333
836
754
834
0
3
1
835
835
3
0
400
836
2
1
9
4
0.0594427,0.161903,0.308889,0.216504,-0.18291,0.0039165,-0.309076,-0.625248,0.363345,
-0.186729
-0.000554837,-0.186323,0.0372624,0.0180118,-0.629575,1.39303,-0.0376367,0.290927,-0.762084,
-0.637988
0.0175675,0.0249211,0.0136689,0.0135149,0.0132736,-0.0282882,-0.00645314,-0.00179897,-0.0344325,
0.00581276
0.00425925,0.00125953,-0.00377103,-0.00227741,-0.00873781,0.00517457,-0.00500571,-0.0101001,0.000212737,
-0.00131221
5.93241e-05,0.00122055,-0.148628,0.0248529,0.172899,-0.247462,-0.0187188,0.0169437,-0.0122629,
-0.24889,0.72712,0.0404158,0.00172258,
0.171623
604
834
908
0
6
1
238
938
0
0
1
939
939
0
6
6
940
940
0
6
2
240
954
0
2
2
955
955
0
6
5
1104
956
0
-1
0
1225
1037
1
1
1038
1038
1
1
1039
1039
1
1
956
1040
1
1
1067
1066
1
2
1115
1067
1
2
1068
1068
1
2
956
1094
0
5
1
938
1101
3
755
1040
1102
2
2
25
9
-0.00781782,0.212841,-0.0104132,-0.212084,0.14538,0.0329362,0.00249781,-0.00261622,0.00233816,0.117696,0.00962394,-0.0319998,-0.0736695,-0.0736325,-0.0226774,-0.00624553,-0.38299,-0.142494,-0.0395306,0.00898629,0.0453456,0.106686,0.189796,-0.255547,-0.151445,
-0.0731307
0.203286,-0.0153695,0.0971552,-0.181757,0.167506,0.229311,0.052347,0.0747122,0.0438841,0.131347,-0.134743,-0.0533831,-0.0215444,0.00214928,-0.0312978,-0.0466101,0.274239,0.155588,0.074075,0.235306,0.182087,-0.125191,0.221663,-0.0738603,0.0848248,
0.0140232
0.000792034,-0.0844167,0.0395576,-0.0191362,0.120313,0.0075464,0.00556609,0.0533803,0.110582,-0.0985985,0.27473,-0.00529179,-0.0218031,-0.0186554,-0.149827,-0.107563,0.0929243,-0.191831,0.286535,0.226518,0.106923,0.159297,-0.0538758,-0.105299,0.268294,
-0.0120955
0.0576425,-0.0652128,0.0797524,0.0902197,-0.0594089,-0.09591,-0.175212,0.0685997,0.0889988,0.232421,0.076606,-0.121887,0.00799894,-0.0118263,0.0692244,0.0543395,-0.133882,-0.0531933,0.113759,0.047605,-0.00447651,0.273237,0.104916,0.00987714,-0.118482,
-0.0132616
0.0663082,0.0730947,0.0713253,0.212998,-0.289917,0.0951708,-0.00292457,0.0616586,0.113063,-0.204529,-0.0877752,-0.0640052,0.00442734,0.0420799,-0.133574,-0.0120638,0.100068,-0.155465,0.321152,0.238856,0.120982,0.133698,-0.169613,-0.0964314,0.212284,
0.030439
0.118715,0.0827996,0.0414626,0.0721165,-0.116249,-0.0954519,-0.040338,0.0703385,0.0865729,0.131836,0.0877694,-0.0899236,-0.0339441,-0.039137,-0.0730065,-0.138925,-0.107059,-0.136217,0.135197,-0.0341382,0.149226,0.276009,0.0314662,0.0270988,-0.202062,
-0.0311076
-0.00896566,-0.0240853,-0.0984871,0.163913,0.240919,0.00690808,0.000756219,-0.108264,-0.166485,-0.0492903,0.15557,-0.0392574,-0.152902,-0.132682,-0.196937,0.0141831,0.112986,-0.366524,0.125098,-0.107153,0.049962,-0.00230994,-0.172568,-0.0919874,-0.110185,
-0.138114
-0.103019,-0.185151,0.138226,-0.358549,0.261862,0.048525,0.0517391,-0.00879789,-0.0211326,0.186348,-0.0627108,-0.0694596,-0.110511,-0.0954929,0.00309781,0.118505,0.133492,-0.174492,-0.180525,-0.0757244,-0.0450192,-0.16363,0.2485,0.0879317,0.235163,
-0.0780891
-0.0399671,0.0262806,0.147773,-0.064165,-0.0735705,-0.143531,0.0874223,-0.0989591,-0.0714453,-0.0647401,0.0795093,0.0710888,-0.110023,-0.122402,-0.267894,0.00553797,-0.174083,-0.211125,0.131225,0.0439245,-0.00964508,0.165139,-0.088799,-0.146723,0.127163,
-0.113039
0.000870166,0.00837413,-0.00159864,0.0176958,-0.0211102,-0.00484023,-0.00126248,0.0192955,-0.00676848,-0.0109988,0.0140942,0.00509448,0.0307173,0.0391655,-0.0255309,-0.00748141,-0.018042,0.0779457,-0.118935,0.0147943,-0.000167429,0.0169318,-0.00717434,-0.0158552,-0.00346726,
-0.0350346,0.0516314,-0.0463341,-0.0259562,-0.0526248,-0.0385632,-0.0560308,0.0429211,-0.0465869,
0.0337059
241
1117
1103
0
5
6
956
1104
2
1
9
4
0.00584845,-0.00559813,-0.0188336,-0.014345,0.00525121,-0.00970352,-0.00439688,-0.00690321,-4.72864e-05,
-0.00401349
0.153033,0.0562718,-0.334594,-0.462722,-0.112544,0.350476,0.0283334,-0.0833273,-0.000391439,
0.0525284
-0.156458,0.0972228,0.437469,-0.0422724,-0.0219806,-0.0569506,-0.0345195,0.103746,-0.0477478,
-0.0237293
0.0154012,-0.0201977,-0.0324599,0.0289591,-0.0392962,0.00126204,0.0128838,0.026514,0.0022629,
-0.0055286
-0.0208439,-0.00922118,0.0334603,0.000206451,0.00803413,-0.0455733,-0.0102509,0.00831039,-0.00149762,
-0.00613292,0.1244,-0.141488,-0.0181179,
0.0922216
1037
1103
1115
1
3
1203
1116
1
3
1204
1117
1
3
1101
1118
1
3
1205
1184
0
4
1
1185
1185
1
2
1186
1186
1
3
1115
1187
2
0
1
1
0.485357,
-0.741627
0.117598,
-0.40052,
-0.103647
1094
1184
1203
1
5
1224
1204
1
5
1118
1205
1
5
756
1218
0
-1
0
-1
1224
1
7
1218
1225
1
7
1066
1
925
15
0
0
-1
0
883
394
0
-1
0
-1
567
1
4
812
782
0
3
1
913
805
1
4
856
812
3
0
897
833
0
2
1
893
841
0
1
3
567
856
0
6
4
833
883
0
1
1
884
884
1
4
841
893
0
6
5
394
897
1
4
782
912
0
5
4
805
913
2
1
9
4
0.107924,0.118139,-0.0852228,0.123077,0.121884,0.288148,0.0169778,-0.192257,-0.0387737,
0.0704469
-0.421305,0.43803,0.0358882,0.125361,-0.210199,0.0356322,-0.0984399,-0.545443,0.154833,
0.0101938
-0.055587,-0.3322,-0.0488327,0.498412,0.485832,0.541167,-0.0169411,0.0810088,0.0551532,
0.330717
-0.122311,0.163858,0.421086,0.0676708,0.287541,0.0201503,-0.146069,-0.0182449,0.0861362,
-0.0341687
-0.00549673,0.011918,-0.0362888,0.0214467,0.00878345,0.0406513,-0.00523989,0.00420444,-0.0116401,
-0.0728267,-0.0538325,-0.0338804,0.0833086,
-0.0629463
805
912
161.039
422
14
0
0
-1
0
420
217
0
-1
0
413
268
0
0
1
383
332
0
2
1
333
333
1
1
370
334
3
0
268
346
1
4
217
366
1
6
332
370
1
6
334
383
0
3
1
346
413
0
6
1
414
414
1
8
415
415
0
-1
0
-1
420
2
2
25
9
0.0602121,-0.0286528,-0.0111261,-0.0571853,-8.52743e-05,-0.0153799,0.0382655,0.00752521,0.0719771,0.00288175,-0.0339947,0.111647,-0.000831065,-0.0250288,0.00296036,-0.0341497,-0.0149264,-0.0722802,0.0267509,-0.0270292,-0.0638826,-0.0108508,-0.0182901,-0.0171261,0.0118529,
-0.00161811
0.0369517,-0.191259,-0.000606886,-0.117156,0.0837591,0.220762,0.054333,0.0301003,0.251506,0.122669,0.0781095,0.104498,0.000887445,0.14276,-0.0981095,0.00349599,-0.0558573,-0.124046,0.173098,-0.185184,-0.0865324,-0.159016,0.00939982,0.131805,0.120381,
0.0475574
0.151079,-0.360399,0.188165,0.0969731,-0.0817379,0.358494,0.00824769,-0.118075,0.000843838,0.0417472,0.0561175,-0.0534736,0.0252255,0.0522563,-0.0321351,0.196742,-0.0900508,-0.244017,0.0561389,0.0404852,-0.0432147,-0.333714,0.0740023,0.610248,-0.142547,
0.0121427
0.0130273,-0.063579,-0.00501792,-0.0731152,0.0120916,-0.0212285,0.0101965,0.0303297,0.128277,0.00688767,-0.0117036,0.171418,0.0352643,-0.0421749,-0.00403991,-0.0152487,-0.0199615,-0.0625395,0.0585035,-0.00719421,-0.00754394,-0.00399092,0.070724,-0.0266401,0.0132412,
0.00213678
0.265391,0.0105301,0.117358,-0.0691224,0.113258,0.377849,0.128383,-0.011511,0.0982417,0.103185,0.302009,-0.0834908,-0.0120824,0.074072,-0.364414,-0.00433671,0.0132487,-0.447381,-0.252838,0.0422211,0.34882,0.409202,0.0761135,0.762981,-0.246998,
0.0481054
-0.0148391,-0.169601,-0.0836976,-0.277141,0.203743,-0.341917,0.0347519,0.142367,0.150416,0.201036,-0.225016,0.561541,0.0559613,-0.405559,0.0556173,0.0603097,-0.0301121,-0.0203405,0.17172,-0.205766,-0.357866,-0.238856,-0.051897,-0.25454,0.332846,
0.0206587
0.0630996,0.00993989,-0.000463166,-0.0189097,0.0456472,-0.0263252,0.0554579,-0.041315,0.0437851,0.0268732,-0.0374557,0.131529,-0.0214371,-0.0270283,-0.018429,-0.00348418,0.00427358,-0.0205175,-0.0123797,-0.0452362,-0.0642238,-0.0236882,-0.0939607,-0.00753332,-0.00547928,
-0.000211854
0.148097,-0.00376114,0.122144,-0.109538,0.116074,0.0604315,0.0769845,-0.0604377,-0.308585,0.0134492,-0.0142091,-0.301526,0.220117,0.43345,-0.0611447,0.0853859,0.0355421,0.0507789,-0.0763027,0.059285,-0.0526159,0.204736,-0.29265,0.152238,0.257633,
-0.193149
0.030583,-0.0360675,0.123063,-0.0921592,0.125526,0.0732039,0.0411322,0.099589,-0.0111816,0.119218,-0.0148129,0.14079,0.00710237,0.0431088,-0.100904,-0.0471526,0.0428741,-0.0596732,-0.0350495,-0.159112,0.0205461,-0.100355,0.179878,0.127793,0.203255,
0.0150395
-0.00290246,-0.001652,-0.00248639,-0.0195707,0.00789231,-0.0152719,0.00186868,0.00306072,0.0146278,0.00115757,-0.00759093,0.023282,0.00347242,0.00156947,-0.00209178,0.00533472,-0.00373749,-0.00187147,0.0172162,-0.0138854,-0.0149681,-0.00457422,-0.000753229,-0.0458223,0.0412914,
-0.00943475,-0.0445382,0.0630835,-0.0189998,0.0401815,-0.0325904,-0.0136553,-0.0756436,-0.0403045,
0.014856
366
268
39.2235
163
14
0
0
-1
0
2
1
1
2
94
2
1
2
50
5
0
-1
0
-1
15
0
6
3
16
16
1
1
17
17
3
2
18
18
0
1
4
158
50
3
2
51
51
1
2
1
94
1
2
15
158
0
6
2
159
159
0
0
1
160
160
0
0
1
5
9.45075
2057
70
0
0
-1
0
1517
7
0
-1
0
1627
75
0
6
2
1573
278
3
0
1442
305
0
6
4
1822
330
0
1
1
1452
350
0
1
1
351
351
0
5
6
1479
372
1
4
373
373
0
4
1
350
374
2
1
9
4
-0.0412437,0.0367838,-0.00600073,0.00388558,0.313872,0.0704272,-0.309524,-0.136833,-0.278835,
-0.0706382
0.0321653,0.119948,-0.039388,-0.130585,0.550067,-0.0643947,0.104279,0.0678196,-0.0434212,
-0.201186
0.288487,0.205632,-0.0268543,0.0427809,-0.347822,0.360604,0.190453,-0.0719994,-0.132292,
0.32057
0.185772,0.230965,0.131254,0.00560984,0.0284585,0.26627,0.392047,-0.187914,-0.239245,
-0.287819
-0.00135487,0.0136314,-0.0144336,-0.000725098,0.0120367,0.00288036,-0.00587929,-0.000627784,-0.00682913,
-0.0450512,-0.0738129,-0.0989024,0.105721,
-0.0715695
1950
372
779
2
0
1
1
0.000662745,
-0.0493932
-0.00669234,
0.0150641,
-0.00261459
374
907
870
2
1
9
4
0.0416243,0.00127541,-0.08128,0.0564224,0.0608101,0.0229574,-0.0479374,0.0583589,-0.00157752,
0.0265989
0.0380227,0.134019,-0.249729,0.545708,0.107746,0.120359,-0.227274,0.062613,0.0425061,
0.432549
-0.176315,0.334924,-0.00661557,-0.118591,0.0443112,0.188642,-0.0285289,0.147338,-0.12989,
0.498182
-0.359558,0.324585,0.259382,-0.547638,-0.172165,0.208985,0.319499,-0.245624,-0.128046,
-0.0379041
-0.000645437,0.0240033,-0.0334778,0.049908,0.0173306,0.0135316,-0.0383598,0.0275616,-0.00377368,
-0.0328991,-0.100464,-0.108595,0.0942734,
0.056484
1682
2004
872
3
305
1192
907
0
0
3
1727
1096
0
5
1
1097
1097
3
779
2012
1098
0
3
1
1101
1100
0
3
1
1627
1101
2
1
9
4
0.27216,-0.116982,-0.0499905,-0.208645,0.641026,0.109377,0.192779,0.011933,0.19654,
-0.046736
0.0398587,0.118338,-0.0238006,0.24488,0.115867,-0.150067,-0.179981,-0.110279,-0.227017,
-0.0567309
0.106811,0.123843,0.000230169,0.148729,-0.227197,-0.0694739,-0.248327,-0.149175,-0.205944,
-0.14476
-0.199523,-0.0858923,-0.0932757,0.293403,0.807222,0.485194,0.233386,0.374082,-0.189956,
0.140356
-0.0397969,0.00563273,-0.00300905,0.0472254,0.00150449,0.0285886,-0.00158002,0.0309322,-0.0347575,
0.0995089,-0.0642298,0.0767174,-0.0812511,
0.0200784
1899
1493
1192
0
1
1
1776
1249
0
6
2
7
1421
0
2
1
305
1424
3
-1
350
1425
2
1
9
4
0.0721526,-0.35185,0.161933,-0.00699792,0.0841657,-0.297004,0.383571,0.0898826,-0.0878667,
0.0781874
0.0973536,-0.258364,0.224537,0.080827,-0.034276,0.0759338,0.118634,-0.185907,0.0782198,
0.0328671
0.234289,0.00541897,0.0574218,-0.0949389,0.723334,-0.0325553,-0.375603,0.420999,-0.18717,
0.34827
0.248107,-0.192613,0.159573,0.134813,0.16703,0.10017,-0.0526515,-0.0907083,0.16417,
0.197773
0.0115015,-0.000158894,0.00968013,0.00760181,0.0389986,0.00617695,-0.0342393,0.0123581,0.00838999,
0.0939836,-0.0728753,-0.0563585,-0.0333405,
-0.113669
1566
1424
1441
0
0
2
1249
1442
2
0
1
1
-0.00569609,
-0.0971428
0.00494003,
-0.00438755,
-0.0261936
1505
1441
1452
0
6
1
2006
1477
2
1
9
4
0.00499718,0.360059,0.0648339,0.300226,0.359215,0.0751645,-0.164542,0.0458744,0.140423,
0.311197
-0.00121486,0.300971,0.138249,0.0662358,-0.377029,0.0390186,-0.0411715,-0.389687,0.24079,
-0.101778
0.0077656,0.0936282,0.0337549,-0.570584,0.289612,0.141146,-0.0629118,-0.102971,-0.0198265,
-0.0404759
-0.0837363,-0.186102,-0.0154642,0.324735,-0.0845278,0.136169,0.141032,-0.627333,0.122495,
-0.128958
0.0025244,-0.00671488,-0.00991088,0.0547832,0.0112891,0.00279756,-0.00272021,-0.00365348,0.00444463,
-0.0844994,0.0950027,0.0745557,-0.0983306,
-0.00643584
870
1096
1479
1
8
1800
1493
0
6
3
1532
1505
0
6
2
1626
1517
0
6
3
1421
1532
3
-1
1534
1534
0
6
2
1709
1555
3
1517
1627
1566
3
1517
330
1573
3
1517
1656
1626
1
8
1627
1627
0
-1
0
-1
1647
0
6
1
2002
1652
3
330
1100
1656
2
1
9
4
0.401269,0.115294,-0.112416,-0.262022,0.150378,-0.0613591,-0.155026,-0.359376,-0.160455,
-0.0332183
-0.191033,0.214678,-0.101289,0.0676665,0.417102,0.351365,0.157834,0.0629425,0.0255051,
0.300368
0.115915,-0.014183,0.0118131,0.0261683,-0.101199,-0.123464,-0.109485,0.203304,-0.00418147,
-0.0390305
0.217339,-0.0229402,0.0193472,0.055261,-0.201813,-0.211444,-0.203704,0.352198,-0.0026723,
-0.0793922
-0.018345,0.0153832,-0.00847525,0.0115445,0.0315858,0.0247215,0.0181105,0.0255447,0.00791883,
0.060821,-0.095838,-0.0320487,-0.0555466,
-0.0352674
1627
1925
1682
3
1477
1958
1709
0
1
2
1652
1727
0
6
2
1869
1776
0
6
5
1850
1800
0
0
2
278
1822
0
1
2
1826
1826
1
8
779
1848
0
5
2
1849
1849
3
779
1647
1850
2
1
9
4
0.352711,0.115425,-0.785088,0.277714,0.54995,0.27815,-0.522014,0.00812902,-0.103813,
0.0417864
-0.230102,-0.109057,-0.645715,0.0322306,0.132038,0.120422,0.267633,0.0793187,-0.098943,
-0.0717518
-0.319541,0.160508,-0.44015,0.0847434,0.649506,0.119675,-0.0304625,-0.0333575,-0.224128,
-0.0516111
0.00239335,0.490132,0.188847,-0.223319,0.22431,-0.457972,-0.0629862,0.162245,-0.0585393,
-0.0412264
0.0522994,0.0467125,-0.0103345,0.0214697,0.0214979,0.0174344,-0.0570078,0.0194175,0.0166385,
-0.103432,0.0868366,0.10172,-0.122018,
0.0102967
1647
1848
1869
0
1
1
872
1899
0
5
2
1900
1900
0
5
1
1901
1901
3
-1
2041
1917
0
6
1
1425
1925
0
5
2
1627
1950
0
2
1
1917
1958
0
0
1
75
2002
0
3
4
2003
2003
0
0
5
1555
2004
0
5
2
1097
2005
0
2
1
1899
2006
2
1
9
4
-0.00946726,0.202623,-0.0058265,0.197395,0.91351,-0.176199,0.0082007,-0.194797,0.0451728,
0.262952
0.0522233,0.142449,-0.0348432,-0.493509,0.306778,-0.0806598,0.126078,-0.193832,0.0683709,
-0.059382
0.0547619,-0.302442,0.1577,0.00458414,-0.0571235,-0.0548057,0.0144663,-0.0553806,0.0512499,
-0.199557
0.057276,-0.239177,0.0942583,0.0323476,-0.291136,-0.114205,0.00617698,-0.0211037,0.0453939,
-0.17473
0.0012185,0.0129968,-0.00201105,0.0225408,0.0790086,-0.00961252,0.000273335,-0.00746582,9.38261e-05,
-0.109947,0.0903952,0.0578808,0.0690295,
-0.0127899
1477
2005
2012
3
1452
2013
2013
0
1
2
2014
2014
0
6
4
1098
2041
3
1566
1505
848.084
23
17
0
0
-1
0
9
3
2
1
9
4
0.016237,0.224721,-0.324669,-0.0123367,0.0748888,0.461175,0.12108,-0.0752896,0.0680952,
-0.176007
0.0382582,-0.0599475,0.106498,0.114323,-0.116221,0.157651,-0.0868005,0.0346646,0.0952084,
-0.029404
-0.0456686,0.0513314,0.3187,0.203216,0.0164365,-0.0526311,0.161093,-0.258978,0.0257568,
0.0177922
0.325527,-0.0223622,0.1223,0.150802,-0.253692,-0.124147,-0.00899827,0.332275,-0.020401,
-0.128202
0.000295846,0.00625291,0.000425292,0.0010644,0.00329867,0.00462738,0.000900156,0.00516747,-0.0026758,
-0.022888,0.0226482,-0.0336062,-0.0224743,
0.0281758
8
4
4
1
1
5
5
0
0
6
6
6
0
2
1
7
7
0
6
1
8
8
0
-1
0
17
9
0
6
2
3
13
0
4
1
14
14
3
8
15
15
1
3
16
16
0
-1
0
-1
17
2
1
9
4
0.0711417,0.311374,0.340426,0.156765,-0.0953915,-0.147025,-0.395464,0.0914524,-0.147202,
-0.232208
-0.0559877,-0.24755,-0.0844358,-0.157616,0.784016,0.0380506,-0.0194175,-0.0746177,0.159742,
0.329359
-0.068095,0.305415,-0.174234,-0.0404683,0.507099,0.0948655,-0.361971,-0.119894,0.0265131,
0.131233
0.0101958,0.210547,-0.0979305,0.279928,0.0986299,0.134782,-0.187997,-0.0700158,0.185002,
-0.225583
-0.00534536,-0.0213556,-0.0272157,-0.0268996,0.0653179,0.0118981,0.00641498,-0.00887385,0.0147939,
0.0656036,-0.090377,-0.0664174,0.0728381,
-0.100422
19
13
19
1
3
20
20
3
0
21
21
1
6
22
22
0
2
4
16
5.325
217
18
0
0
-1
0
2
2
0
2
3
3
3
1
4
49
20
3
0
202
49
0
3
2
205
123
0
-1
0
-1
142
0
1
1
152
152
1
1
168
168
0
2
2
169
169
0
2
1
20
195
0
2
1
142
201
0
6
3
123
202
0
6
2
210
205
0
3
3
206
206
1
4
207
207
1
8
195
210
1
1
211
211
3
0
201
58.2398
35
12
0
0
-1
0
2
1
1
1
3
2
1
3
5
3
1
1
10
5
1
5
1
6
0
0
1
7
7
1
1
8
8
0
6
2
9
9
0
-1
0
-1
10
0
6
1
11
11
0
0
2
12
12
1
5
6
1.66
883
11
0
0
-1
0
1
1
2
0
1
1
-0.00569609,
-0.0971428
0.00494003,
-0.00438755,
-0.0261936
882
2
2
0
0
2
432
432
3
2
476
476
3
432
616
616
0
-1
0
737
737
0
6
1
738
738
0
-1
0
784
767
0
-1
0
-1
784
0
6
2
767
882
0
6
3
767
1374.77
75893
0
