5
2
0
2
2
2
5
2
0
2
0
1
5
6
10
4
1
-0.00502243,-0.0191968,0.00615146,-0.0107659,-0.0452268,-0.138554,
-0.0388297
-0.0287793,-0.000302992,-0.026375,-0.00938584,0.00139424,0.127979,
0.0590865
-0.0149452,0.0311814,-0.115907,-0.10541,-0.0541328,0.370768,
0.197019
0.0126647,-0.00532419,-0.021281,-0.0309426,-0.0623616,-0.17345,
-0.0463401
0.0162363,-0.00348202,-0.0291375,-0.0619532,-0.107363,-0.31766,
-0.0809561
0.0333303,-0.0154725,-0.0442773,-0.0967025,-0.162121,-0.470344,
-0.123847
0.0183131,-0.00713885,-0.025937,-0.0647698,-0.105472,-0.306546,
-0.0813709
0.0142542,0.000606568,-0.00974152,0.00928368,0.00493965,-0.0037742,
0.00243553
-0.00776367,0.037064,-0.0919782,-0.0761345,-0.0533892,0.298401,
0.155044
-0.0278733,0.02854,0.0951969,0.0840896,0.124213,0.710595,
0.262643
0.0378945,0.035251,-0.0156336,-0.0273146,-0.0451526,-0.173384,
0.01664,-0.00434357,-0.00615522,0.0131956,0.0307297,0.0325954,0.0291559,0.00766652,-0.0217341,0.00254233,
-0.0453254
-0.0227686,0.0249502,0.0461966,0.0580249,0.0876377,0.6572,
0.0281725,0.0034841,-0.0225691,0.0281933,0.0507232,0.0917045,0.0553658,0.0112857,-0.0185681,0.00557098,
0.249299
-0.0122804,0.0256752,-0.0509671,-0.0555331,-0.0379559,0.250247,
0.00593002,0.00106442,0.0072998,0.0125872,0.0404251,0.0425794,0.0325567,0.00141025,0.0125651,0.0357499,
0.125375
0.0325434,-0.0474356,0.00295503,-0.0763318,-0.18763,-0.735776,
0.0547266,-0.0274021,-0.087523,0.0582374,0.104638,0.152016,0.105611,0.00393174,-0.0713438,-0.0240854,
-0.219328
-0.0399759,0.0410955,-0.116107,-0.0992136,-0.0546742,0.881129,
0.0361767,0.0302082,0.0375797,0.0586977,0.106918,0.149945,0.0967254,0.00169583,0.0315395,0.106052,
0.0499375,0.0197651,0.00923554,0.231522,
0.387979
-0.0687028,0.0596997,0.164152,-0.0909623,-0.165833,-0.24657,-0.158922,0.000322751,0.129668,0.44918,
-0.102854,0.293932,0.0842169,-0.404298,
0.342385,
0.43451
6
10
4
1
0.405957,0.352209,-0.217992,-0.204874,-0.174996,-0.420875,
-0.00553252
-0.0956226,-0.213229,0.0212064,0.0321983,-0.0358069,-0.178972,
-0.076776
0.130814,0.208965,0.0234225,0.0871132,0.0316752,0.164941,
-0.00800995
-0.0259132,-0.0690897,0.0657054,0.0502466,0.0095265,-0.036681,
-0.0365265
0.0878905,0.148861,-0.026108,0.0128724,-0.0252927,0.0616664,
-0.00132147
0.123982,0.213786,-0.0319785,0.00988421,-0.03465,0.0899012,
-0.00447646
0.107057,0.169462,-0.0346356,0.0197305,-0.0228394,0.0653404,
-0.00220633
-0.0820321,-0.182206,0.180715,0.1228,0.0316872,-0.0809247,
-0.092483
-0.154902,-0.362127,0.363968,0.248611,0.0560672,-0.181983,
-0.200571
-0.0555817,-0.111831,0.00724541,0.0205342,-0.0310071,-0.0915523,
-0.0376918
-0.343584,-0.401879,0.0732678,0.106595,0.0822682,-0.00392538,
-0.079341,0.0251701,0.0119552,0.0178258,-0.00202939,0.000323294,-0.0024201,0.0568419,0.120454,0.0203776,
-0.0187899
-0.3728,-0.434985,-0.0645478,-0.00629091,-0.0244805,-0.135648,
0.0176381,0.0278246,0.00743498,0.0233461,-0.00425144,0.00693292,-0.00138274,0.0703296,0.14189,0.0111068,
-0.0209554
-0.538001,-0.62509,0.00125457,0.0715902,0.0458798,-0.0792844,
-0.0731165,0.0329912,0.0225444,0.0358275,0.0131626,0.00345028,0.00148135,0.108731,0.178163,0.0282451,
-0.0241479
0.70517,0.774632,-0.405357,-0.257255,-0.329569,-0.155902,
-0.492271,-0.0856993,-0.0699261,0.00452069,0.00473251,0.00218813,0.00637114,-0.0041285,-0.0440237,-0.0504969,
-0.0228194
0.277192,0.432996,-0.0564862,0.149071,0.116706,0.38149,
-0.146613,0.020833,-0.036913,0.030408,-0.0314173,-0.0281659,-0.0361264,0.113423,0.192952,3.63301e-05,
0.0901616,0.0949993,0.14914,0.740409,
0.0863917
-0.2939,-0.11907,0.143663,-0.0395758,0.0825527,0.114329,0.0949788,-0.0931179,-0.209306,-0.0597833,
-0.205022,-0.216075,-0.290894,0.455494,
0.383523,
0.150057
6
10
4
1
0.121545,0.270661,-0.11324,-0.00748015,-0.0284265,0.140726,
0.0968551
0.109751,0.208463,-0.108789,-0.0198056,-0.050933,0.0773712,
0.0692719
0.0657481,0.132711,-0.066879,-0.0117721,-0.035495,0.0521422,
0.0447206
0.0975928,0.196303,-0.0798102,-0.00400492,-0.021414,0.101694,
0.072341
0.541893,0.452198,-0.371299,-0.266672,-0.20247,-0.468863,
-0.0315588
-0.0653746,-0.196305,0.207072,0.118594,0.0198121,-0.125503,
-0.127129
-0.0829967,0.0906019,-0.106491,0.0660144,0.138649,0.288231,
0.179643
0.0764595,0.0740817,-0.0401145,-0.0265831,-0.0444725,-0.0197355,
-0.000521216
-0.0364196,-0.129756,0.12672,0.0779465,0.0148064,-0.080498,
-0.0878625
0.554049,0.637416,-0.358329,-0.193761,-0.303607,-0.166822,
0.035248
0.200828,0.257979,-0.166798,-0.0696971,-0.108406,-0.0289283,
-0.00336023,0.00344977,0.0104313,0.00342024,-0.132185,-0.00158218,-0.0783181,0.0144941,-0.00584138,0.123487,
0.032456
-0.183843,-0.277613,0.125686,0.0930536,0.0538502,-0.0438557,
0.00595928,-0.00292172,0.00450391,0.0112906,0.088734,0.0524129,-0.025971,0.00418685,0.0307141,0.0437203,
-0.069939
0.44188,0.557686,-0.357252,-0.181963,-0.232601,-0.0579583,
-0.00309604,0.0197866,0.00219906,-0.00264393,-0.290911,-0.0143775,-0.162938,0.0385546,-0.0189189,0.25781,
0.0774844
-0.567732,-0.782802,0.258578,0.222607,0.118093,-0.117626,
0.0347299,0.00409704,0.0140219,0.0240928,0.306172,0.116902,-0.0646606,0.00825262,0.0618654,0.160626,
-0.173247
0.0640933,0.343472,-0.132452,0.201368,0.261909,0.56296,
-0.0359019,-0.0100418,-0.0138601,-0.0254069,-0.11124,0.0816585,-0.0258288,0.0533334,0.0479569,0.449547,
0.160527,0.0931839,0.359532,0.255615,
0.29169
0.101052,0.0745699,0.0515697,0.073206,-0.497486,-0.1475,0.123819,0.0349266,-0.100863,0.278325,
0.179079,-0.207424,0.383843,-0.568356,
0.386116,
0.373343
6
10
4
1
0.00511044,0.178531,-0.111254,-0.0679613,0.100137,0.260472,
0.118856
-0.0308242,-0.174918,-0.0457759,-0.15226,-0.309087,-0.379148,
-0.123067
0.000800244,0.0792792,-0.042478,-0.0361621,0.0365421,0.12041,
0.052728
0.0100866,0.194695,-0.125884,-0.0765185,0.118174,0.282671,
0.134852
0.107153,0.240925,0.06259,0.0152422,0.157913,0.255663,
0.0827242
0.00418766,0.190448,-0.110068,-0.0788609,0.108272,0.262636,
0.124969
0.116325,0.0599113,-0.056766,-0.0878734,-0.146192,-0.153802,
-0.0401486
-0.033395,-0.316278,-0.071903,-0.286111,-0.542755,-0.678159,
-0.235031
-0.00192009,0.032972,0.0117116,-0.00198192,0.0281653,0.0745536,
0.0207324
0.0163898,0.186803,-0.12148,-0.0775771,0.112337,0.273951,
0.122863
-0.0384231,0.009261,-0.042774,-0.0239201,0.0327655,0.0979779,
0.00923046,0.0175754,-0.00688112,0.00236339,0.000941929,-0.00127271,-0.00641254,0.0563115,0.00777253,0.00537917,
0.0375915
-0.241507,-0.351466,0.00468142,-0.0369885,-0.0944263,-0.235563,
-0.00295837,0.0224188,-0.00489038,-0.0194171,-0.0582269,-0.0031639,0.0334886,0.0400446,0.00653009,-0.0236944,
-0.0417197
0.00945557,0.228195,0.101293,0.0995617,0.304795,0.645449,
-0.0565401,0.045787,-0.0191202,-0.0731655,-0.121467,-0.0621171,-0.0266406,0.0922332,-0.0290546,-0.0677907,
0.120055
0.00497438,-0.0174376,0.00793859,-0.019376,-0.0287392,-0.0323823,
-0.00535157,0.0109864,0.00254198,-0.00442947,-0.00355194,-0.00566948,0.00192518,0.0233263,0.00327022,-0.00840444,
-0.0110872
-0.317738,0.114238,-0.306671,-0.138801,0.222203,0.782337,
0.0294857,0.224408,0.0239202,0.0403841,-0.00695853,0.0300104,0.00481179,0.395663,0.00571889,0.0478751,
0.00823713,0.00123269,-0.0380015,0.0289797,
0.298099
0.108723,-0.206441,0.0419749,0.115499,0.182465,0.113685,-0.122638,-0.368863,0.0441352,0.108743,
0.0454406,-0.2364,0.386788,-0.0249798,
0.419826,
0.37286
6
10
4
1
0.120947,0.0843617,0.0106364,0,-0.0647081,-0.0629368,
-0.0334556
-0.179143,-0.251571,0.0497083,-0.00279348,-0.049216,-0.12129,
-0.0534828
-0.325732,-0.485664,0.12313,-0.00332665,-0.0958663,-0.244649,
-0.108343
0.259751,0.37803,-0.03127,0.0716731,0.0542448,0.224262,
0.117399
-0.205352,-0.291485,0.0782342,-0.00839083,-0.059696,-0.170723,
-0.0698677
-0.128965,-0.192603,0.0458912,4.45463e-05,-0.039337,-0.109688,
-0.0454125
0.0632812,0.106674,-0.0619635,-0.00277445,0.0249388,0.10628,
0.0611695
-0.20007,-0.300521,0.0767778,-0.00360486,-0.0653298,-0.169436,
-0.0716639
0.131493,0.211643,-0.0362731,0.0204783,0.035574,0.13914,
0.0748228
-0.0736512,-0.164697,0.233285,0.147965,0.0983848,0.0109107,
-0.0684632
0.00467166,0.274174,-0.272596,-0.0362146,0.103801,0.393006,
0.00713201,0.043648,0.07849,-0.0988974,0.0580171,0.0405835,-0.0311287,0.0503937,-0.0628495,-0.00211806,
0.270684
0.227692,0.201233,-0.0511051,-0.00160735,-0.0678378,-0.00957707,
0.000770734,-0.0638771,-0.0964712,-0.147463,-0.0605252,-0.0352407,-0.0245304,-0.0520969,-0.0822135,-0.0622188,
0.00561832
0.254683,0.36117,-0.0726536,0.0326103,0.0355464,0.229135,
0.0309791,-0.0342475,-0.0550238,-0.177954,-0.0407769,-0.021028,-0.0201203,-0.0394971,-0.103427,-0.0218284,
0.128961
0.215571,0.202203,-0.0470068,-0.0149609,-0.0617775,-0.00338506,
-0.0118661,-0.0455053,-0.0974597,-0.153598,-0.0541957,-0.0374761,-0.01325,-0.0557492,-0.0761785,-0.0478882,
0.00686373
0.213226,0.454067,-0.259747,-0.00662539,0.104219,0.40784,
0.0802979,0.03234,0.0301338,-0.0770403,0.0342473,0.0196848,-0.0140566,0.0298129,-0.0445582,0.00939239,
-0.124068,0.052604,-0.0932032,0.0631001,
0.265149
0.0862439,-0.177348,-0.338835,0.393287,-0.212328,-0.137625,0.115533,-0.214019,0.21666,-0.202337,
0.16427,0.130607,0.191437,0.122823,
0.27624,
0.47706
4
1
0
0
0
